10000 10000
3002 2896
5582 957
1465 3380
759 6009
5131 8263
4378 5667
4007 362
3160 7370
2633 9573
6678 2884
4091 9089
8957 4331
6831 5434
2421 6765
6812 4233
547 3790
2891 7601
715 9176
7899 2958
3971 9509
4191 515
1801 5188
1674 6492
4304 8021
4274 7868
1626 1055
9172 4492
9803 5944
9932 7932
9913 8267
5095 4787
3811 1905
6814 443
2312 5700
4125 5576
1395 9669
449 9264
2826 3346
8816 732
9658 8681
4468 8080
5634 5924
3767 2509
7037 2252
3768 5975
9909 5598
6959 6433
3056 2820
5975 2367
6396 397
1641 4882
9960 1740
818 4273
5525 9963
6396 7100
5883 7518
610 321
9183 3943
8485 2997
2348 1255
2348 689
6895 1991
8827 8725
4414 8484
3284 9819
9188 6593
3029 5670
9486 884
5172 4874
5062 1636
9782 2431
9227 4344
6154 2227
7196 2422
481 4335
8687 1125
9738 2050
6613 9053
9381 8633
9085 3012
4461 6216
5499 297
9535 7586
9847 2231
6904 570
4743 102
8029 5732
5349 5395
9015 1633
5199 361
6691 3506
4091 7874
6909 9155
8559 7981
6144 4328
849 1888
5250 6901
3626 7784
9108 9930
6631 8526
7946 4804
7867 9156
3402 4583
4387 865
4456 2978
9012 8958
3743 8396
5594 5286
8334 3420
5884 6183
3400 9934
7580 7908
6724 7519
845 3767
6698 6835
3049 1814
2458 62
5567 553
1071 1007
6124 6988
9924 2479
7226 220
876 5268
6038 1558
93 8360
8888 7842
5344 2527
9870 8486
3729 907
7355 7896
1774 555
4168 8607
5169 9108
1761 7594
9669 5849
4805 7464
3975 9310
4606 4109
5864 9971
2550 6232
6626 6319
7988 9069
422 7859
9485 1921
8371 5421
5826 3266
841 3237
1230 5365
6404 2343
593 9076
638 2300
1978 7282
2736 505
994 8004
7821 1711
3598 1783
8680 3123
4061 1750
5085 6987
4436 1220
6120 2588
5786 2832
6282 483
7835 3210
810 4557
9447 9419
7160 6594
1344 1576
8646 3269
6810 3614
4342 3869
1816 8720
3346 970
9397 7146
2179 4819
3018 2305
6735 6117
1488 5952
5996 1043
3352 8716
1644 3623
3990 208
2153 2076
6711 944
9340 5293
1228 1975
8200 4599
8279 23
2681 1442
1727 9541
7691 7634
39 6838
7949 813
934 7658
2299 1410
1988 9779
7492 5756
3218 7997
2218 4436
9238 3095
7414 1746
4235 6669
5958 7538
5239 1864
2854 8420
2061 5937
3396 5423
7197 7342
6255 201
6901 9214
1217 2015
8915 1368
6314 3922
4183 2131
8982 4445
6430 2408
6622 5213
8660 5372
6699 4520
1127 4082
2494 8758
2547 547
3277 8849
9287 9340
9936 5508
2723 5278
1377 8450
3965 7704
9220 5498
788 5746
5596 781
3824 5838
4762 2659
9856 9411
3837 9586
2548 6744
1935 9352
9907 5736
7080 4893
4830 7501
3012 8951
7399 4597
9669 5055
1780 5358
9341 6263
1601 5213
5196 1701
8112 2319
8025 3198
6098 26
9303 7729
7558 6841
552 5194
2544 8605
5711 4342
4586 3893
157 8732
9812 2585
1756 4240
329 2368
2808 9175
7571 7993
2005 3452
8299 1094
9984 8981
7842 739
114 8148
5048 4883
2150 6090
4424 4681
8593 9972
1498 6285
5429 7920
4301 7280
9711 1324
2911 8098
9463 2354
5162 9752
6797 6649
955 6735
4825 4034
223 1339
1276 4642
4033 8637
5247 6876
3351 5774
5046 1626
1108 730
9887 1614
1126 7525
6022 1772
5433 8530
7353 2264
7093 7973
529 7657
6649 6848
6486 3224
6672 6179
4550 730
6181 3244
9365 2606
3002 3706
3642 5724
4271 3765
9193 2821
225 334
3730 1052
2765 1719
7093 7998
4380 9256
1007 9573
1098 982
9605 3832
7608 2123
395 3659
5000 6273
5404 9097
9411 9178
3114 3909
3876 7709
1011 6302
8762 3234
5775 8815
7864 9376
8691 3538
5711 2244
307 5401
7099 5596
2032 3387
1415 3680
6615 4515
8989 6233
1935 9281
8559 3970
9165 1340
2877 2299
4160 7210
5435 3683
7790 3194
8894 3106
77 3761
4091 8928
210 7817
1909 2266
2511 6466
8484 2028
9290 5001
1348 2076
5935 7241
9984 8502
5968 8655
8600 77
1564 702
3987 6724
2401 8514
7424 7572
8010 4095
4185 2702
3878 4582
4679 1290
2011 5385
1535 3516
9616 4438
4529 3730
2490 4109
1977 7261
5494 8307
1595 760
1593 5080
6838 1178
5987 6870
65 8337
7145 5712
8348 5964
7951 9219
6670 303
6290 5968
7251 2436
1174 639
9491 6214
9147 4307
5025 8833
1171 1505
7084 2541
4569 847
1539 9187
1571 9330
4686 8247
9032 6280
203 6246
6767 5960
7993 3828
4840 4258
6552 8644
7479 4306
3045 6890
9875 2609
4916 6587
2751 2392
738 8072
5228 4643
1357 3085
9852 3468
4965 8075
5803 3774
3256 4004
8759 3979
2222 9250
147 9995
7718 1155
9224 8956
4622 4533
2777 4176
5816 1428
6480 5169
5213 1708
164 2131
2828 4763
12 5894
775 2406
2232 1028
8452 3610
7254 839
535 3445
625 3800
497 2027
7001 5641
9939 5046
8820 144
1396 5071
6757 7366
5725 4233
113 3468
8156 539
7994 8072
8076 8786
7980 1605
201 3255
332 5721
580 989
1822 2376
8325 9105
884 1587
3187 6869
634 2007
2647 1432
33 1421
6353 5845
7536 9078
6154 2052
5880 626
1708 5905
5466 4032
9931 5833
5389 405
5249 1007
4198 5042
7520 4690
4244 5439
4604 9256
4408 5505
14 6323
747 388
4900 8016
7082 7028
3382 8320
5907 4669
893 7196
1487 6671
8014 4287
3872 8568
347 9547
3414 2007
9905 5680
2365 9148
9954 7100
9916 4858
100 7284
9602 2938
8539 9337
463 7261
75 4293
3625 9126
1528 8691
4805 908
3351 8455
4851 7133
5789 3851
3964 6016
2099 8486
8145 2385
5953 4342
2973 2281
4898 6791
341 6723
2783 5461
3485 124
409 6278
470 6002
149 6659
1057 9390
9524 5278
113 2670
5215 8492
2370 4524
3051 9664
5867 3989
3692 9241
2580 3951
453 2039
8097 841
7607 6939
9261 7301
6484 1765
3314 8944
5742 3447
9791 4577
8675 5079
422 3266
4621 8027
3938 1270
5370 1840
6877 8501
3765 9285
7086 2142
1342 9414
3281 3658
4239 3076
122 5714
5932 9012
4969 3190
1425 401
834 7579
4841 4051
5746 4279
2393 8823
3862 4525
5361 6814
7171 6245
7814 2325
3542 4276
1014 9651
4569 8670
7100 3970
9063 4022
6194 3675
5471 5576
2891 1493
2015 5121
7058 6640
543 1226
8140 8101
9634 1364
9319 6306
1347 9722
8004 5097
83 2230
4439 1829
7792 3434
7178 4940
7756 9172
6055 6298
3560 9464
690 5624
7068 7038
8863 3024
9887 1193
8975 5363
8890 3549
284 5844
1890 2582
3527 4813
5639 7513
6577 8523
6119 2577
674 176
7711 107
8680 2974
7403 634
1539 9515
4801 3377
7224 2599
3483 6099
5806 4916
1409 1285
2968 8034
8192 4906
1194 6921
4406 4902
8028 5047
8178 281
339 4482
3673 8722
2071 7698
4353 9733
3321 3319
68 3619
9495 5575
6618 6769
8383 9323
6842 5874
1031 3477
6906 9667
8387 6177
4990 1773
8934 6939
9522 5680
288 6348
5209 4049
5225 7080
6695 3255
2277 9435
4793 4143
7915 1493
6596 3297
8286 4113
1017 4723
679 5110
1326 7663
372 8948
8436 1267
8923 9709
7721 9678
8713 5962
9654 4912
3397 7886
678 9095
7824 4142
9876 2609
3916 2640
1304 4351
5217 8701
797 1037
9853 5280
442 9411
7177 9557
9265 925
2343 558
9705 48
9718 4939
8010 1957
750 6798
4922 8296
200 5217
604 5157
6744 1213
5530 3051
4551 2313
6070 855
1947 7554
6176 653
7625 1810
2577 5611
2772 2327
7757 4202
593 1285
9722 1230
1283 2308
5800 8043
6321 3340
6582 6347
3065 6548
116 2115
4111 404
9916 324
8431 5520
4855 6897
9097 2207
7996 2421
8142 1948
5865 1077
2651 5784
470 80
7072 274
7375 3331
2480 6974
2045 7931
218 2786
6010 6792
8580 6382
287 4930
3721 7774
4050 2767
5558 6790
4124 5814
650 5183
2220 7545
3553 3147
3175 5458
6361 9273
7202 2125
6925 9812
4023 1605
7841 3411
2790 1929
3081 2327
7000 663
7404 7708
8817 1762
567 8282
5118 3445
625 2287
5609 6364
4844 4528
6644 9232
8058 4020
7694 2545
6062 9283
3304 6395
6459 8761
1711 6265
2996 4887
8821 8757
114 6265
6357 5
5680 5616
62 6851
5566 1689
2979 1319
217 828
6284 661
7176 1583
4096 9632
4843 4914
2205 642
377 6989
9510 8603
5439 8194
1697 9695
8648 2031
6794 4348
5863 860
4202 3904
9512 5681
2273 6052
6730 70
9702 6999
647 2539
7424 1941
7729 1817
8669 6857
3968 5569
4885 6818
8210 1651
6511 3946
7016 377
2348 5472
822 3462
1556 7337
3414 7401
4197 5641
5090 2117
8386 9739
6124 6096
5949 8177
8531 8611
7383 7027
6885 2634
8210 4261
6378 8087
605 7349
7039 1107
8991 4107
2983 590
3594 5027
6100 5523
2184 6365
8960 5124
5872 3893
6037 4499
6729 3489
9897 4664
4176 6317
9217 2090
5127 8897
1681 3191
1050 5337
5053 5282
7303 8371
9265 5566
915 5649
6348 3710
2240 7064
5437 5477
4401 6680
6897 2289
5 9029
6349 4381
2100 5341
421 5755
6174 4496
5310 7871
2717 9845
5988 3175
3710 4683
2540 3554
3246 6334
5336 6068
9177 2857
5487 7029
3872 1212
8919 9978
3183 1458
6562 6878
7000 8639
6826 1510
3413 4476
2706 6199
845 7705
8973 1755
3750 8579
7995 7445
6139 9595
7497 2146
9192 2834
1855 4508
8145 9854
8580 1956
2436 6397
2982 5519
1129 9267
4625 483
7892 7288
5926 3301
4992 3084
1760 8997
9550 4711
965 1332
8435 9449
3824 863
311 6292
8950 8371
213 2418
7021 8543
271 4224
7319 9028
5228 2086
4455 4100
27 344
1858 5922
2071 229
2268 4417
9738 9901
7323 5164
5638 2201
3642 5756
7337 5024
8505 8381
6290 4409
6474 3310
9771 8804
7744 6936
5954 6349
5427 7866
6374 3970
844 5528
7412 9246
7730 9204
3239 3009
1813 4257
5963 3637
7610 2849
7737 7663
3808 5457
8742 6092
5366 8023
9808 3954
4795 5488
9002 6018
8772 4345
577 3516
8045 254
5474 93
4958 9692
2929 9531
2621 4958
3634 3958
6559 7324
7711 2277
6043 8055
3904 2095
6184 3599
9584 1657
7205 8712
9084 9082
5066 3487
4377 5986
4053 9993
7610 3159
5475 3470
823 7679
1168 2999
4587 813
8280 6822
5407 6932
4751 3347
707 4740
4276 5937
3416 3293
9808 7786
7600 9439
6123 5343
699 1834
4474 5438
6904 1349
6680 6908
9611 1623
6126 1806
542 7822
4620 7783
2567 6956
4589 7285
4603 8691
4335 4338
8557 4336
9773 2883
5203 4967
4305 133
3871 8995
3086 8922
2448 3183
3 1907
1955 6336
3683 9482
3561 558
2439 7712
6496 2208
1733 3746
6270 9667
9716 3800
7015 9710
2758 7662
2852 7054
7477 3421
47 7883
6030 1822
9574 1603
4964 5076
4685 6105
3850 2002
7797 6211
594 1035
9722 5848
5810 2277
8526 4360
6561 8630
5995 6332
4545 9247
5736 666
5744 2786
7596 2798
8509 7299
2387 6059
8531 4014
6247 2549
4717 9309
128 9411
2654 5148
8193 5151
97 5398
354 4651
843 7622
1916 5350
7136 6288
397 4154
7572 95
8205 1492
3266 8323
7873 5725
9809 7956
5579 7579
3411 8454
2091 1888
4015 4288
2974 3485
2373 9253
8765 1558
8803 2948
6353 1160
7062 31
4672 4856
2255 4777
3505 3529
8370 6542
5462 2063
658 6992
2326 9757
6673 922
3549 3610
8830 2842
8348 8189
2844 9683
641 6514
6517 7908
1987 3471
6583 8656
3571 3357
331 2150
4830 886
8623 7317
3225 4194
7172 5202
8028 767
9713 318
3721 1470
584 8282
332 7083
4836 3389
1118 4200
1009 1126
6771 8365
5959 1769
995 1330
453 7435
7800 2645
9056 6952
8123 2887
7982 5130
9219 1871
1228 9211
8225 3134
5546 6597
3032 5158
7597 9399
1609 6941
8181 563
815 2850
5499 2507
6386 8834
2151 5095
3997 1782
4676 4449
3770 4926
2637 2217
8315 9547
4429 9529
9084 227
8291 1781
1328 1809
3680 8483
6376 4564
2669 4099
7501 3794
4907 7985
5299 5899
4027 1767
2081 3049
2248 2606
5605 7916
1700 9599
2709 7589
1418 8621
1244 7123
3652 5081
706 9650
3196 35
1383 9403
7301 28
58 334
5919 4736
3919 1944
7056 1527
8002 6376
4450 3494
1960 328
3278 9441
5621 3297
4716 5230
297 4665
5967 3179
9988 7013
5199 6692
4271 8399
361 8392
9933 3830
652 2913
5261 1788
4247 2062
2700 1620
1602 4262
343 5237
1593 2438
2377 5190
6502 3724
4569 781
2241 5776
3381 8563
537 9293
7835 4017
7800 7209
3011 8637
8588 9987
7721 9684
1221 3950
3720 6779
9084 3968
7103 1472
8238 6276
6885 895
595 8947
2389 8412
6793 2681
2173 2454
3251 2468
3680 5639
7155 2396
4010 9004
1343 5501
3444 2832
4712 360
1621 4435
7737 2373
2194 9767
5250 2080
9623 1139
5719 21
1876 3576
4764 4159
8678 4113
3849 4375
8231 7909
9299 8591
9951 8128
2858 1141
3389 2322
6292 5001
212 8536
3719 2988
394 8864
3047 1792
3336 8212
913 3285
5931 4150
4591 7291
1071 1184
8329 288
1130 4680
8783 9526
2219 4901
1738 568
9868 1454
2862 7609
1413 6368
6919 4243
9616 6705
4800 3416
6313 6480
9010 4789
6644 3298
2417 9218
7835 8350
7409 5804
6402 5927
5474 6227
8004 6643
1477 9763
9541 6028
6499 2207
5981 6944
6671 5064
2883 6674
6801 3403
7151 8982
8797 8124
5638 8798
3305 6612
7166 6520
1016 6578
4134 7693
6609 220
3444 3509
2997 4208
880 9883
1040 5215
5859 6370
982 3576
3851 9877
3839 197
5175 3435
6399 2069
3643 9754
4496 1179
3172 3702
8829 7496
410 5548
5029 9330
6578 3339
7590 5196
699 5752
291 7595
9313 5538
3056 3565
9777 2348
6081 9878
6154 7705
4719 5221
6313 4971
8397 1925
8671 4058
1621 7559
4611 7749
8993 817
7520 858
9464 918
9549 3875
9530 6721
6153 3140
6567 6590
5075 9250
8027 569
73 6339
4129 2533
6012 4831
8149 8713
2374 6290
1379 708
974 3241
5637 7666
2902 4645
2456 1466
1553 6913
4331 3450
4041 9578
8331 6045
7445 3297
9597 8321
148 5937
3208 3547
9412 6548
1106 4588
8842 2683
4437 5319
143 4770
7404 5201
6019 8056
6695 5049
4098 3778
2596 6442
6614 8327
7691 939
7886 1315
9658 3900
4440 5071
7144 7628
2583 5668
995 6886
4574 4231
2351 8447
8657 6680
3745 5645
8769 6510
4412 2866
7152 7854
2295 8423
6421 5625
7487 4159
3454 3185
1877 5568
956 8828
9943 7841
6194 6000
6231 8210
5264 7762
9507 8833
7743 8861
4430 9192
6302 8605
5775 7703
4941 9409
5565 4037
1170 914
7151 3191
661 6521
2185 403
3010 1727
4910 9215
9691 6019
6153 1223
3249 2397
2189 9885
8064 4036
6011 605
7868 2435
3039 5773
185 6961
6086 8928
8857 1495
90 5150
8066 6893
5067 4272
7176 2752
1251 4110
6694 3250
8403 7005
9975 9847
4821 4383
4926 7302
3772 9106
9305 5226
6658 8021
9926 3674
5402 8282
4995 5608
8800 8151
3253 4340
9606 6859
8709 9574
750 815
9560 8877
853 6730
248 8672
1493 7884
180 9105
1075 2807
3135 3090
765 541
2197 2626
3437 1386
1419 2672
2684 459
6281 7288
2267 3191
2700 6591
6677 5115
5187 8148
3178 630
1293 6279
2945 2555
8398 4401
6341 2566
6076 5206
2449 6497
7543 8543
6347 2010
8989 760
3660 6603
1905 194
8552 552
376 6433
3358 3205
4882 9784
6963 2155
4532 2062
5953 8182
2893 1687
3361 3477
7312 8084
3614 8786
3822 1529
4934 6832
4924 6813
8720 8331
7209 6470
3803 5542
5329 4675
2186 1905
8098 2337
5687 283
7880 1421
9955 5238
6186 141
7721 7977
3614 3868
9239 2646
193 7095
1354 6848
9058 5016
7893 2245
1678 6897
1444 3620
1929 1530
2133 105
9697 3277
8495 277
3766 78
690 6705
7368 9237
60 2830
7277 8668
144 8466
2837 7035
2322 3617
4363 9812
3226 247
7633 3928
1715 7411
6690 4146
2288 4071
866 7127
7094 1787
7289 1959
3562 1252
2913 5010
2067 5611
3139 6634
9959 5437
9509 6651
344 2970
9384 8146
9986 5323
1398 6243
8729 3495
3755 8626
1652 2910
8576 6964
3543 8397
5182 6564
8511 6823
9931 8711
7105 6231
7079 1230
2166 4246
9841 1325
2598 6891
3972 1037
17 1973
4648 2174
939 9640
6190 9252
3310 4942
2699 9493
7018 2026
2403 2793
1388 1872
9252 7728
5782 1605
1351 202
988 8669
6059 6948
657 7683
9305 2482
8476 6980
5646 1890
2032 2491
4258 3440
5227 1771
4825 9102
1336 8150
8544 2246
7330 1905
9108 9940
31 3489
8830 6134
5383 8520
838 835
7567 3847
6567 5232
7159 2069
5283 7402
7948 5405
3160 6048
9722 5489
111 1852
7246 1864
2116 71
1300 7866
9906 8078
2002 8822
9661 5404
2500 1007
1089 7428
4390 5405
4416 7105
513 7249
7170 6375
3070 6938
1430 3423
5144 855
1087 2137
9796 5444
4296 5069
8885 8046
3866 2285
5453 1387
8954 8160
8933 6947
5221 8321
9412 2863
6414 1812
3213 9803
1427 9350
4589 5808
1548 936
9332 6846
9616 7961
8831 3717
1979 1590
3881 462
9320 4271
7482 3912
1316 1863
9732 6608
474 9542
3083 335
4192 2366
8840 4226
3843 3316
1957 6274
2250 8724
7760 5785
1105 8426
7626 599
4775 5381
3054 455
5174 6908
587 136
5971 3073
1230 5029
5423 6015
5265 517
1734 5908
9318 1615
5064 7125
703 6393
2241 273
9197 7069
8935 7497
431 5277
6022 3076
4494 1674
7624 7850
9544 2328
4917 8563
2131 6915
8294 9154
7156 2853
381 65
2749 2929
5212 9135
3305 8342
4591 4690
8956 5725
6497 2934
665 3874
4033 9045
2530 1046
3816 6456
3038 6847
7092 1589
737 2769
7164 1455
837 674
5210 6154
7190 2189
7210 8224
2134 874
4024 7276
8395 1749
4087 9849
890 8833
9445 1865
5898 3972
7197 4572
4921 7298
3337 7072
9796 7395
3721 477
6991 6132
1319 8770
3883 9373
3956 3277
164 5213
9022 7716
1521 7739
5081 9090
9003 9208
8406 9108
7575 3542
5935 7836
4818 9644
45 317
2399 92
8288 3875
7408 7686
1640 7209
9135 4174
6154 7643
712 9299
9856 9324
7429 2159
9939 8390
7994 822
4266 6705
1902 3675
1434 8368
2829 5462
4773 2381
2501 251
3485 8055
1867 2685
6336 5268
6821 8498
1376 1997
7953 4779
9851 2895
2849 892
6864 5551
4923 9390
8830 5176
2838 3695
1803 4231
7719 6700
9778 603
6243 2183
3604 400
7059 2104
7144 1346
3982 2678
8610 617
8472 3568
501 8946
8704 6926
7683 5521
5058 1959
902 8909
6626 1946
5985 6555
931 8357
4291 6117
59 8902
2378 6386
2044 7817
2697 1571
5769 5249
7711 8359
7113 1050
1028 6461
929 8017
8884 6078
5649 7352
8834 3941
3450 7244
7284 2182
8816 323
4586 9769
3274 3586
2390 5856
6953 4344
4307 9315
1293 5284
5459 3786
2452 2662
8781 4525
9456 4170
2239 9983
5589 6256
9339 5031
1610 9235
7246 7970
6017 6578
1531 3902
1493 6714
4987 1104
4631 3329
8419 6146
743 5961
6575 853
6645 3248
5968 7376
4409 2604
9174 9576
872 4985
8781 7638
827 253
2541 9186
13 5969
6895 364
9264 3011
4574 8352
1908 3838
5216 9602
1382 3856
7240 5444
438 3026
4178 5937
1617 1268
8406 7740
2890 4839
6359 937
7987 7230
3871 6348
193 8130
6301 4622
3072 7201
7756 3180
837 6928
5161 7158
1169 4845
4853 7248
8146 2579
2224 3289
2485 5739
2260 4352
2835 980
5522 7271
6190 5165
484 9673
2650 4619
4431 694
481 7079
349 4623
1686 7682
2956 8017
1925 2942
2621 9401
4409 261
2262 9474
3843 8375
9578 2313
1393 9992
2176 674
4984 1476
1316 9411
399 1825
8097 4327
3554 7581
1735 7729
3743 8254
1027 4272
1704 688
5491 5025
8558 8911
2466 667
167 2266
1988 2834
2991 4196
2420 3647
8552 4248
4375 5565
2059 410
6054 1683
3792 2468
2168 2872
3998 4892
7852 6122
2150 4836
3080 1913
8600 654
6183 8390
5099 6282
6252 73
3442 8105
1566 8943
879 4555
5284 8783
8156 5285
3628 6005
7968 4796
9666 2954
331 5836
4446 4238
5135 1986
2982 2087
1831 3336
9089 8336
4915 4124
1277 9688
2226 7486
1984 3017
5489 4763
5205 3542
5503 1193
8014 6900
829 2010
8294 5127
7797 7362
975 435
3941 3435
3052 669
7091 4031
2202 9077
1719 7344
8767 2328
9342 953
7903 8969
6193 9006
2595 9201
628 1144
7659 6857
3722 5197
530 5137
2068 3737
3317 4468
4368 9549
3289 5831
4023 2599
5554 6595
5506 6194
2785 6942
7299 480
8776 4697
143 6370
5745 1602
5048 1746
6206 7290
8375 9822
9101 9759
3641 1963
7611 2718
1676 4744
6501 3639
2425 5772
9385 5983
3459 267
4509 3404
4481 1889
9832 1475
839 4312
9578 6919
3347 4962
9644 2926
4986 4759
6603 5460
6257 2174
4131 5230
8030 6971
6878 6311
4319 2812
3738 4433
9475 5124
5758 1917
9536 7611
4533 3247
2734 9853
9542 9848
6664 9422
7185 4420
2751 4050
8127 9115
597 9254
6311 5188
717 2277
8358 3753
547 7323
6309 647
1706 3706
6286 4261
8438 1918
6233 5230
4091 3429
1351 4165
8188 596
1543 2715
8619 6347
9808 6109
3025 2994
8398 749
8232 810
6066 4228
8283 8957
5486 7376
9604 7300
7931 8024
657 9139
9062 2944
4410 2913
5449 2885
1901 1757
6821 6584
1938 3932
5495 51
3138 4630
4401 4598
8492 811
5762 6202
6488 1230
1305 90
4861 6171
9200 9152
1348 7910
6128 8811
7171 8865
9119 3293
4173 8087
839 515
8708 5323
5489 9371
6893 6832
3781 2670
93 4449
4127 1622
6143 2147
3726 8602
9895 1018
7840 3269
4714 131
7270 4206
8101 5741
9819 1681
7782 3716
5812 7994
7510 7795
2688 4547
526 5694
9611 1171
6284 741
4726 1076
6072 2743
7962 4577
5213 8888
8844 3752
8936 3738
3151 5218
384 6459
1500 661
1581 9261
1830 2776
848 9241
1310 9251
2488 2647
9595 1266
952 6895
3056 3132
9693 8397
996 7066
4915 1207
5989 1726
1831 4129
7748 9361
782 5793
6236 3459
4458 1472
2288 999
7344 7962
3306 9180
820 6530
4373 3819
7877 8100
1250 7749
6915 4618
3602 8221
1984 1297
4048 9694
554 7555
6282 8264
4684 8783
6414 5313
6293 5475
826 8841
9419 356
8869 6982
5182 2813
9465 2153
3480 2994
8663 6669
8733 1494
848 3213
7696 1403
5177 2253
6502 6519
3263 8658
985 1674
1771 1458
1581 9383
6782 525
4597 4896
5591 3040
7735 184
776 4268
9598 7278
8688 6225
7837 2853
6015 5785
3103 5867
7464 6615
5999 9224
9121 4247
5846 3115
5467 4995
2710 5590
2538 3628
3088 7000
638 6702
4313 19
2904 8198
3322 312
7515 9627
6211 6275
3030 5309
8224 2907
5290 6891
2344 6139
8438 5786
9617 6179
2910 1076
7754 2696
5647 4762
3183 6447
1697 6763
167 1607
7234 6262
5951 7164
991 8667
5998 5775
8289 8195
1151 7056
2072 5399
8930 7822
1252 9428
7767 5616
7729 7371
919 9187
6702 3155
7684 6272
8779 8930
8969 2998
5234 4000
3340 8744
5030 8800
5849 6249
8459 6902
3313 4207
9509 747
5571 4866
139 4459
4809 5954
5242 883
8956 5228
2669 4499
1284 5806
8183 616
5387 6097
6238 3295
5078 9225
3791 3135
3430 4118
5342 3692
7919 2039
1412 2399
6628 8401
4997 8487
2462 6987
6950 1070
1943 6593
9156 1914
5977 6272
516 4346
4287 5215
6430 55
2323 1713
4630 4895
4435 7414
5877 5389
1502 9629
2742 5346
7673 7429
8465 7884
7098 5451
7571 7008
1145 7167
9689 5360
3441 5101
207 1460
771 2132
2348 4353
8128 3228
6596 6540
2873 11
7956 5227
3700 9219
1322 8211
2583 6269
8753 7883
7418 2753
3847 8704
8725 4369
7535 2540
5805 1388
5411 7587
2348 5170
2156 2197
2339 2903
3039 3271
1634 7589
9975 3817
6967 4627
850 2331
7732 1953
9126 6753
1191 1288
2214 2544
605 1404
1838 3469
3582 4404
6209 4838
3645 2333
374 3423
6240 8227
3459 2030
1528 6208
4329 4069
651 7295
8405 7836
948 4465
3786 5123
2629 3140
6725 7772
2041 1864
1590 5329
9705 4382
9822 368
4925 1757
8533 7455
7956 6495
3739 4352
9342 1711
1699 558
7378 4065
8513 3683
1416 4444
4814 5491
9143 4108
566 5070
3077 9925
6499 2425
5584 7517
5755 2958
5959 585
9554 9367
1253 632
4186 9123
3134 8401
3329 9605
8501 5854
7821 102
9438 5502
6116 4287
3131 5407
4742 7983
4440 6082
6360 717
8897 9004
1170 3849
87 4701
8476 2376
9809 4443
2932 7778
4883 7935
7872 8777
1888 1597
153 7596
832 7885
6860 4769
6965 6434
7007 7239
626 1410
5091 752
3881 4588
6664 7688
7598 5392
8304 1177
4254 210
8809 1252
4803 9771
1629 4229
5509 5013
9343 7387
1972 8244
187 1168
2135 7566
7768 4468
7877 8654
1935 7404
8208 7696
5592 9743
4095 4788
1751 4983
5292 5939
8158 1116
8754 6014
6777 2872
6887 4451
4712 8176
310 8642
7007 9988
2849 3904
8922 7206
9716 6115
5742 9673
6379 3955
8025 1480
5597 3947
6258 9986
7238 2937
1986 2182
5299 4588
4029 4690
329 1938
8799 6993
142 3977
7335 4616
2240 636
5339 4720
7871 627
3604 9975
8028 7448
1282 1220
4868 1019
2628 5917
1474 6613
4329 6329
2021 9312
8862 6989
7601 9745
3400 3935
2737 4289
6115 7143
7596 9611
7316 6729
7566 8829
50 1557
5241 9773
8552 4747
8369 953
6402 3715
1235 819
4397 7933
4867 4975
1063 3035
9671 7600
1753 754
1453 9223
1311 7031
6778 8010
9151 3053
8178 4957
1828 9680
2134 6651
7514 3636
7609 1154
7867 6058
2681 3260
5649 1151
5116 6948
5466 4588
4580 3977
770 9018
6051 8512
5413 5037
5605 6292
7692 6253
3793 9824
8007 7082
6138 3331
1115 9801
5411 3794
5116 1594
7833 9522
9312 4386
2156 266
3518 5018
3853 1793
3963 8533
83 4261
7121 568
6666 45
3311 3308
4401 6556
9019 2656
4860 7360
1172 8622
1842 8636
873 2726
9813 6238
3290 669
2130 1598
3112 6055
2848 5715
3583 9160
4509 1384
1792 4805
2641 3907
3868 1772
1960 7984
6446 759
788 2221
2889 2563
3959 1099
153 2763
9187 6449
6546 795
7082 8126
9801 1489
8350 6297
5791 5848
9110 1882
6306 6004
8158 9792
7453 5325
3902 2434
2410 6788
8899 4673
7137 7330
3500 2172
1128 4275
5221 9895
2270 3998
1537 9256
7055 7876
4801 1929
4424 9710
3848 2059
1652 2698
4101 8656
4590 1052
7960 5416
8782 9711
7844 7448
4867 7157
6618 5650
4986 430
5173 6105
8266 595
1859 2690
1681 7552
3844 8301
3479 4298
6692 561
8665 8070
6892 4932
8838 1663
1904 7334
7614 5348
6756 9179
8456 9789
187 4865
4753 1190
7625 3907
6507 7560
6614 2361
759 453
1764 3932
7711 2832
8112 5926
8833 982
2240 5670
9074 4464
3560 2599
4245 8088
6012 5652
2147 9377
4958 6923
4088 755
476 5532
3339 2579
4202 6573
8533 7690
5691 5979
3058 283
9116 7010
1097 8987
2413 9383
4921 5177
5067 4229
3746 9528
6230 5331
3881 815
3706 6070
1057 4235
3441 6493
1114 5371
4257 3137
7132 836
5540 5938
3898 3119
2687 5907
3369 9626
5877 7279
3254 6296
6659 8607
4696 9906
7964 3828
3534 6878
5461 8472
853 9452
3787 3498
2037 2986
4836 8885
4678 242
1413 2670
8850 6843
702 2284
1298 2780
8 9984
3418 4852
4644 5162
6835 9535
3502 8469
8619 45
6796 9226
5467 9483
5208 1263
7970 6518
1828 8381
9823 1197
7017 2014
768 3534
2756 310
9145 5236
7476 2129
5498 8938
7194 5647
8139 9625
1636 1531
4151 239
1872 1830
8139 99
338 8180
8714 8947
8129 3665
7681 3218
1302 172
4009 5488
5635 1225
234 6875
3252 235
7231 5587
4004 1241
8956 7563
3430 2025
8123 408
2223 3435
6386 7628
7917 1451
9334 1647
742 233
9511 543
8578 1595
8430 2056
9188 9014
3085 6949
1341 6596
4039 5487
8079 6648
9363 7262
9654 1008
5181 1966
4673 7007
7295 4897
1112 5094
7876 2743
4136 494
9413 1524
6049 4806
5664 4549
9861 5317
2567 653
7897 3204
9665 6804
529 6324
82 4378
1097 3410
28 8932
390 7805
8866 8710
5325 1778
3701 1984
3079 5546
2571 5534
9219 8393
4398 7279
6765 5801
5910 2880
6172 4151
2757 7858
6393 2484
3785 3232
5629 1953
6574 8834
7338 7049
3273 3638
8207 4985
2298 5310
9861 4917
3593 4252
7698 6311
2190 5126
9155 5780
6860 4226
3735 7176
1974 219
9497 3991
8298 7351
5162 955
7998 4756
4810 8287
8079 9687
1387 9325
8829 4770
2125 4622
8793 5465
4974 2315
8915 1996
4437 8495
7466 4337
1405 2596
5974 6640
5119 7281
6764 2885
7305 4958
3440 2108
7966 5928
6519 7248
2118 7938
8944 1022
8451 8856
7673 7267
3565 5293
1668 3883
6132 8996
5238 8063
2507 7111
957 8680
6378 5508
4786 33
3068 8850
5164 2123
6847 1628
4972 1032
4666 6071
9040 2879
9765 1233
595 9441
6750 6544
6156 4964
9127 3579
9905 1492
8795 8531
6883 9387
528 3366
2711 4423
4615 2708
3155 2158
4182 7457
6538 6734
9163 136
2135 8829
8126 7828
1386 8551
2606 1527
8679 3132
3202 3496
6026 5685
4919 9787
7516 4904
6543 7785
5558 6599
107 5840
7981 287
998 4086
9667 5704
3385 2575
7089 9697
3827 9732
3430 4561
6245 5481
9327 8596
1838 2846
3070 3507
189 9441
5670 2326
3984 5005
4231 9297
3249 2664
1841 2605
875 3690
1381 449
6170 8034
3851 1727
1972 1257
9619 485
6372 8519
8287 8996
5682 8448
266 4722
6158 5477
5640 1324
7172 4578
2377 8735
8123 7426
8069 9959
5052 1839
1338 3388
4835 1799
7766 3294
8245 2266
8699 8728
2393 8969
2506 9064
7558 3920
6877 9099
357 2577
763 135
9713 6860
9222 5772
3420 7714
2006 3494
6649 9582
2319 6528
2072 8496
1686 2700
1072 621
6180 7187
6927 8805
1819 4877
4936 2055
8798 9453
642 6237
6031 2432
4422 1774
3128 7016
9281 5111
3499 6439
8926 2750
5480 2501
469 6791
4159 1246
1555 3599
3164 6442
9430 2133
3509 6881
9623 3596
7542 5212
4548 8954
6102 6313
7222 8603
8192 9411
7095 3246
661 7215
2815 6711
8854 8621
3140 9150
485 3961
6092 1048
6671 367
6827 6621
4805 5794
6148 4746
3487 526
6140 6146
5946 5322
912 8261
4312 4171
4822 5206
7486 8843
7817 7056
9979 1582
5500 9638
1824 9714
47 3700
6346 313
3461 9002
4685 1696
8036 6091
5727 5062
2843 1619
5567 3563
6954 3631
9083 4113
9834 9384
2960 6067
4856 7696
2162 2363
8042 5346
9421 2328
3535 1024
2291 388
9582 741
8136 2944
2979 7558
4628 1018
544 1908
8113 8000
5193 5234
644 6671
9935 2590
3629 2139
7624 8929
757 2964
881 1532
8205 4635
3306 3525
4593 2265
1248 3858
5851 4952
8208 853
4598 6759
2872 7605
4293 3593
2791 5211
2009 9749
9861 7457
1749 8841
8005 9577
1470 3364
2911 2200
7123 7889
1978 8508
2531 7714
7882 2878
4783 2361
6707 5339
3205 4409
5449 6135
5187 3845
5062 6489
555 4841
1944 7785
4290 8527
8115 2424
2692 5837
6472 101
4639 4130
9503 701
7077 854
346 8554
8647 664
4527 664
6191 298
4563 3794
410 8737
5559 8774
2197 9884
990 1
8097 9599
3965 6397
7678 9101
5078 8228
9818 490
8305 349
6005 3184
490 7758
1533 6521
2852 4428
1062 8913
4614 4622
1355 6376
5871 492
5330 8126
3120 2574
935 4519
1321 3145
4080 9573
2532 8805
5621 7728
6490 7077
4140 416
3730 6022
4908 4140
9351 5904
8335 9483
7611 7672
4039 1364
9405 2992
9958 9426
5651 2237
7535 7393
3244 7323
6470 9412
4839 2349
9645 1470
7267 7108
7128 6931
1324 3914
7383 9505
9238 8002
5818 4066
2789 4491
3473 6031
2711 7435
7581 9360
2070 5834
3823 6660
3906 2370
8199 3960
8360 4001
3744 6309
9829 8222
6153 9344
7315 3348
309 9922
6778 3721
5292 3138
3841 4129
4698 1650
4133 8777
1564 686
1970 9573
6277 7991
1132 2050
730 2457
4376 6860
6406 7662
3200 3874
604 7106
6571 4979
6652 9702
8390 1625
5840 6909
102 572
8195 6406
8564 9483
5199 4796
8581 6609
1012 3738
87 2306
4167 1606
4493 7076
9681 119
6128 9426
6060 4470
4807 8525
6468 730
562 1859
4137 8857
2781 9170
7389 4285
3481 7730
6175 1248
9118 721
376 2357
1335 1716
1062 8584
8720 954
9663 8600
877 3091
7503 7442
955 8267
2351 1452
4674 719
5507 3587
1012 8857
5552 1000
5432 1176
4858 5657
23 2680
6293 8221
3104 1978
6402 2335
8450 6259
9499 9084
219 6974
32 2146
1416 9313
3398 1643
4441 1584
2773 5262
9768 9533
8571 7247
1765 7341
3010 7619
2456 9948
189 2771
3668 9086
1863 7503
1526 9597
1997 7446
1989 7788
646 7186
2582 7448
9307 1676
9244 7399
1745 3727
1629 8120
2221 9727
1776 171
7025 2987
3100 8841
653 6970
1355 1797
9813 4311
4990 7974
2700 9231
4605 8486
8633 8171
85 2276
4333 7994
489 3083
6337 4760
6068 3688
9487 3042
3762 4362
8980 8377
6483 1070
8492 5061
9600 8891
5898 475
2709 7478
1436 7058
5959 7561
695 4876
3711 7024
1663 3631
3273 2193
8912 7230
4048 2747
4863 2583
6955 7878
7912 628
2730 2581
1857 8106
9058 8281
2340 955
2682 5674
8349 998
143 6488
9145 289
2918 267
3953 4250
9754 9300
1522 4422
3128 3552
9587 2978
5479 7091
5107 7272
1946 291
9006 166
540 5970
2523 3365
3791 6745
4901 696
7759 5248
4396 6208
9779 2718
454 5614
3453 1574
7525 2458
9286 9216
4273 5678
5639 2688
1965 5720
2513 6774
7804 2617
1479 1255
9989 5143
853 8281
9898 5574
4821 2004
3488 1856
8339 3747
1677 1762
8715 1618
9555 1420
374 4691
2528 4021
7506 7220
9052 3995
1262 9344
3094 2285
3023 1942
6834 4230
3032 948
6964 6016
4513 7427
1791 7956
1703 1617
8526 3247
6561 2505
429 4018
2571 6992
5747 9492
3967 9720
1509 3875
7153 2053
6561 7040
9776 7993
9854 5609
3085 80
569 6070
9080 8520
1175 5148
6667 2124
8995 4132
9863 9415
4734 3825
1916 99
3065 4691
7694 9574
3267 720
5403 6781
113 1240
111 2783
5164 7481
6354 8523
7177 7230
4691 8704
4755 5510
677 3648
606 6046
6455 2409
7952 6824
1839 4514
3448 6825
1401 7782
8404 401
8531 4121
6482 2508
3927 4303
3982 1745
3510 1708
8835 7009
9152 875
1857 50
4667 50
6935 614
9363 4126
6874 4554
9998 8775
1135 509
9504 7556
1925 1079
8493 4402
3269 4718
1218 3674
808 7573
7766 263
954 4554
313 7301
3915 1081
6116 2817
7063 2009
2039 9392
776 2100
3707 1862
1867 5965
8577 6039
7476 7363
9963 3169
6648 9645
9264 5249
1537 6416
4216 2718
673 6303
6309 9937
8034 8176
1092 9815
2083 8967
3368 6086
5067 5806
817 5619
9916 4684
3170 6242
2725 2548
9928 3536
5088 3603
2021 8801
8804 4965
1943 6894
1060 7686
2560 999
5448 2790
4574 1113
6271 5960
4735 1925
7357 2039
8022 3471
4076 8157
3363 3701
8405 5692
4354 894
6069 5922
4939 1458
7951 6867
9501 7182
7021 4997
6298 3205
776 1946
8637 5792
6560 5167
279 3525
2650 3950
5335 3482
9849 362
7015 9096
1441 7485
7779 7540
8335 708
870 774
8248 1373
2774 5563
1852 9111
918 3528
218 3414
6030 869
5359 4797
6285 1871
974 6262
9293 9251
1723 6365
4711 5945
9007 5815
230 8012
1602 7354
9869 123
6402 8909
8621 7078
1537 7371
6413 8378
2338 4958
5197 20
7513 5891
3507 9089
5911 665
7795 5833
577 2201
8163 5165
3525 6580
8846 2410
8747 210
6039 7767
8127 3212
9083 6618
789 5962
419 4781
4606 3878
6464 8057
3790 4156
790 3064
5693 1729
7705 851
5967 8880
2705 3269
9566 6680
1177 37
7545 6356
2037 3328
2648 2438
5060 1119
5432 2052
3557 2809
7948 318
1196 6030
6 5962
5114 5921
6786 8203
8573 2491
644 4640
9891 8512
319 2052
2639 6242
4075 4351
3676 8945
9618 6749
7187 9467
6928 347
4442 1043
6008 3972
4755 862
3013 3639
5324 2432
7699 2409
8585 5553
5916 6879
4039 9925
3106 9308
2327 7498
924 3910
654 2168
2579 7641
6246 9040
5728 5436
510 4498
7405 2860
9285 8349
2171 2830
6834 4540
8859 6985
3822 2814
6347 4924
4062 6136
1593 3676
6218 5906
4863 992
241 4116
7053 6182
3888 313
7891 9451
3321 8495
1812 9226
7528 620
2414 3026
2393 5169
5484 1050
2772 8744
172 2163
3892 2309
5595 2829
9999 4413
9809 7874
7241 9261
1268 105
414 1040
5198 57
2666 3525
2463 9731
5694 1427
449 1670
1292 6199
6548 7529
188 8893
7183 9996
2019 4881
8226 2473
9263 677
1740 6600
9735 8912
6882 8518
1550 896
6372 4271
1065 9072
5731 9625
5635 2893
5560 9684
7049 1631
2586 2000
2529 2094
8710 4478
9089 5607
6201 1117
4203 6600
2120 4045
893 9200
1723 9369
694 2087
696 6657
7964 753
8514 2898
5421 2911
5099 5572
2862 6270
6227 8475
3804 4093
7479 1543
6319 4158
4492 2844
6682 2475
8915 157
7023 3133
6416 1888
2680 5205
3465 2611
231 9989
3464 7300
5988 1718
5211 7215
1740 7040
6256 2834
7958 5374
2250 257
3358 400
5002 6060
688 8159
9329 2739
9777 5523
2513 7436
6179 3703
2847 1165
6419 5923
7464 3038
3574 8148
6288 2645
2887 6291
110 3746
8516 2983
2665 7764
144 3241
3945 679
5791 699
4966 909
8517 2566
6028 4179
7052 8422
2718 4345
9697 4355
7611 6045
8459 1555
4174 2293
8588 8327
3479 4295
5507 2616
8862 7241
5936 6256
5024 3892
5710 2743
5880 609
7277 6502
5714 5301
5475 9921
1992 4846
7576 7469
2555 2729
8030 5978
6007 9415
2891 724
7406 6038
2722 7250
3909 2125
4889 7537
4910 8327
1629 2001
2172 5353
6675 8909
2952 1374
3526 3084
9587 1951
8823 9574
5450 5645
5200 6721
4742 5058
5566 2744
9710 6492
996 6273
3584 3444
2895 4715
2196 6181
319 6368
6324 5910
463 5398
2447 4959
847 1772
8038 1456
8761 84
8057 1236
1960 7397
2060 3338
1693 4049
8821 7538
8881 7758
1342 1506
6079 3985
1759 5679
4155 9060
8149 2135
316 313
1949 3537
6670 7416
8286 3595
3358 3621
7001 3931
7944 1226
3885 9304
3622 6429
2536 9354
1048 3127
2168 9776
3240 8500
3861 1649
3912 477
8337 3807
9134 3281
5635 4066
9698 1608
1094 6608
9145 1120
4994 2631
2441 1734
7350 8251
9621 2716
4207 1938
9525 9531
7265 3055
3559 7563
7019 5474
3201 6072
7109 8648
1897 973
5493 2992
2513 8512
1375 8701
1797 3538
7957 7538
6320 1662
6826 2505
6042 3155
1241 323
1095 4581
7131 8555
1732 3430
1725 4071
1973 1471
8913 9477
9825 5003
7332 9738
5932 1851
9361 472
8202 8780
9126 6096
1505 8492
2411 5227
8728 4409
8299 6581
8502 3243
213 9155
2663 1595
9344 7399
9717 1864
8047 7110
9614 190
9787 9482
4712 401
7833 6490
7808 5908
8311 926
6776 8852
3914 3976
2785 1042
2450 4259
2800 5476
2913 1314
1578 2136
6326 8693
4516 254
1923 9981
3745 2382
7012 3913
2119 4921
8396 1741
480 7188
4723 7873
9771 3744
7757 2327
5948 5446
3465 7944
2799 2443
226 1249
8827 1408
6998 5874
3464 8382
1546 2339
7704 9970
4224 5647
8750 6167
7495 7645
5237 5162
4389 7683
2841 6285
237 3934
1432 1283
6163 9290
4113 8876
9084 5405
1203 2410
2240 5795
9100 4027
1131 6240
5294 3714
2037 3012
5796 1082
273 2190
1582 5844
548 4436
8306 9749
7263 9346
6556 1861
3498 9600
9066 1594
8482 2340
1092 9214
4707 894
8822 8595
4830 581
4479 4217
1951 3921
4678 9682
144 7468
7858 6108
542 5521
3302 3317
7095 2325
4039 6019
787 4618
5321 3414
5951 2679
5188 8367
6343 5551
1979 1576
894 5878
6668 5407
1219 6360
8781 2855
1399 4793
908 9348
9075 2333
1126 7535
9575 325
9462 6259
2108 4318
5962 9616
1306 7945
8489 6226
9809 7705
9748 6777
1173 817
1024 2936
66 2104
8720 2103
1383 3067
6002 1551
8504 6340
275 9029
7471 9671
614 858
8688 7344
8319 5275
9895 515
162 324
7296 1170
3102 827
8366 199
1307 6523
484 3030
7463 7288
9786 9494
5178 4387
993 633
7870 949
6148 7731
1580 3002
8603 3768
5914 5995
106 8948
3802 8867
3316 7977
8088 5960
6490 108
7081 2156
6165 481
1498 3098
15 9610
5065 3607
3242 7281
2151 1565
986 1311
1748 7539
2247 2539
8824 7710
7629 2968
9711 1075
1741 7447
7229 5314
8151 9663
8511 208
9684 4671
2080 6093
9006 2045
1467 8760
8055 5507
7589 79
3475 2350
125 5063
6828 7143
8665 4172
6572 9271
4634 3808
1519 2541
2152 7313
4874 2791
547 9905
1457 8520
9154 7677
5787 8743
2106 2736
2741 4679
7383 5846
4152 4852
9169 661
4976 7198
7646 6582
1526 5693
3378 2084
3246 7075
5746 9549
55 3256
6645 7582
3120 728
5711 2985
9943 2861
4934 6964
8863 9645
1654 4996
9004 5751
511 251
1520 3821
5151 1911
9827 5706
1605 768
6954 6132
98 8257
428 5606
8872 3168
3650 3808
4088 5479
5869 7342
2149 8868
8632 4115
1875 6416
4952 7406
7398 2930
7129 3398
9345 1029
8731 9548
4397 3127
9832 7427
6845 3888
9317 1855
8746 9773
1895 237
9619 35
8197 9301
3823 8939
5505 6185
6191 8406
1510 3140
4090 7353
6827 5653
7808 1071
584 4245
5218 3899
6367 7166
2581 4125
1719 7490
8640 174
5279 1760
7079 8772
2246 5898
6841 4284
7083 2565
7279 8124
1918 2576
9646 4818
4560 4087
367 4095
4673 1419
3678 2463
1291 8569
3852 6573
2341 3690
3965 263
5043 5097
7104 4518
517 7616
3628 9671
5988 3976
2438 8104
5457 9775
9526 4863
7976 2705
3347 8829
7359 8562
550 7937
923 3108
5954 8823
1456 9410
7413 7305
1910 682
935 9290
3515 8930
6292 8928
9989 5489
1264 226
1443 7678
8759 8206
9193 5556
7341 7847
428 9807
2356 79
2860 8753
7360 1761
7450 8577
9486 3017
7503 9989
1161 7831
3356 856
9956 9209
1887 6229
8806 997
2316 896
7716 7999
858 9136
3972 4684
9245 8992
583 6935
8039 6163
613 8640
8422 1739
2776 5877
9742 2146
3827 4667
9156 5981
9328 1462
906 9231
9668 5582
268 8888
1133 7621
69 178
9917 1617
4534 7941
4127 5586
695 5647
6219 2900
4040 455
7076 1597
291 342
5946 8442
9633 5573
365 7357
8100 2121
2889 2168
6521 5050
2986 5334
6312 7986
1772 7051
899 2918
3765 5948
2872 2469
4132 1327
6417 9185
7471 985
4628 1569
679 1987
6619 2844
8822 1797
2810 7695
2500 9989
6634 9380
3101 2717
9813 5661
3333 6899
430 8354
3353 5499
3279 3148
8807 5519
4740 535
9825 6289
7623 5828
6689 2025
2666 5537
259 7482
9630 4551
8897 7769
9626 9241
3983 5046
1069 4069
6506 544
8664 9291
329 5575
7717 2580
3193 7713
2188 825
3705 3905
8335 5516
3850 9599
808 1807
9823 1614
8197 6662
6927 5382
4344 4735
9465 8450
4284 8963
89 2786
5791 5402
978 6297
4710 7548
8872 9327
7903 5097
6379 6830
6350 1239
2069 8178
5283 1244
9153 8236
6663 9335
9311 3130
3331 1277
466 6246
1467 167
632 5590
5333 5017
8576 2305
8005 2711
2489 9083
392 2530
6135 3433
1613 5185
2699 4242
9396 2270
9962 8736
5324 4356
2901 4930
8082 8059
9022 8423
3149 7038
4761 3354
9642 8834
3773 5634
9404 9912
9827 7118
638 3284
8336 8507
8752 7190
6902 3221
5331 6284
9771 5972
1741 7458
8661 1554
3623 8529
8996 4116
7090 1312
4372 5242
7815 6745
4371 4537
2062 2901
2210 8401
5805 2487
7487 4480
7773 2859
1183 9314
2128 3678
9341 3095
393 5691
5653 8928
639 890
5562 36
2776 8736
4306 663
6259 9284
6578 7703
8024 6423
3636 1236
3106 9332
7096 7438
9202 4077
7327 648
3905 8509
2731 8797
2660 9425
9595 1963
589 5157
9874 4403
9834 5682
7164 1698
1087 2042
7787 9798
2408 7857
5954 8730
6283 7134
9376 3735
3167 9884
913 878
8808 7928
5890 8699
8108 3219
400 5301
1011 8481
9556 8805
9254 2296
3990 6081
806 6314
6875 7501
4020 2825
1845 1263
3504 3247
8010 3001
9771 9837
8360 750
9620 7076
6648 5550
3572 9673
5720 4330
1701 5770
6571 3031
1838 729
1503 5103
4924 6989
2525 3256
7755 6347
4402 8848
7955 5402
9510 9507
3833 7139
3326 1606
361 3923
2942 7723
5856 7205
4186 9143
2482 8517
3451 2310
4007 3104
8874 9504
7647 5464
3014 5404
4215 5891
5189 412
3290 8250
1021 3051
9666 2486
4848 2200
8726 1218
760 3534
5260 2596
329 5937
8795 6409
3956 6232
5772 2448
8588 4012
7068 7402
2414 623
8540 579
7573 9008
926 844
4849 3368
5285 2535
6840 3345
7289 1377
1714 7220
5872 969
5200 5549
3034 5415
1754 5554
6790 1974
832 6871
3159 6183
9136 880
2439 5945
9412 2965
9266 2317
9980 411
5681 3080
3223 4426
5079 6530
8367 3977
1995 5535
9547 1182
1363 6230
8135 1769
9248 623
6349 2895
6666 680
3091 9939
2654 1500
7787 7408
6054 8842
1011 8019
3035 684
2376 4303
4921 7013
8053 4952
6643 7964
2284 993
4935 3449
1259 913
6436 2619
4766 396
3288 2391
8993 6079
8101 60
6713 2485
8499 1366
4687 6233
3889 2546
430 7429
4638 5234
1488 2483
6428 4598
9374 7994
1769 3311
8110 9222
9640 4545
6106 6783
9688 8415
3596 2014
8616 72
3571 7636
8500 1591
8627 2562
9474 8390
8344 7170
7497 940
2642 1423
7153 5026
2089 4445
4845 4704
5482 4489
6452 4336
4333 5280
69 124
3386 1490
3553 3432
2290 9113
4100 1993
3177 2888
6247 3837
7553 8819
8900 986
9612 271
3888 7546
1699 7682
3724 854
2270 5725
2274 134
8673 4199
7381 5292
2627 9734
2715 3965
4097 1609
1271 1349
6029 9063
6083 6772
8726 2881
5613 2203
414 4690
2017 1244
1682 9631
731 4603
8453 4554
7235 9020
7950 147
8958 8720
1665 8567
9637 5341
4338 3213
3892 3202
9146 9487
6437 3847
2568 5727
2014 1854
8146 7496
3497 9694
8364 7745
24 863
4669 6280
9664 604
5286 324
6356 9197
5363 902
2169 21
3855 3790
620 5755
8711 9819
2488 4529
6046 198
5596 83
2484 7867
886 7715
1385 2870
1841 6485
4643 8080
6563 1734
2956 1571
3995 3010
3718 3127
7097 7232
2707 3873
4536 7457
6545 4573
1999 8993
808 7408
7522 9554
773 2978
6173 8545
9463 7024
3164 3293
2995 794
1585 1414
2232 6389
7616 8691
1832 199
940 8561
6414 8429
5248 2103
1801 2785
5922 1157
1981 3060
4986 1010
438 2919
558 6348
2634 4574
3930 5296
5689 4153
1158 8075
433 7055
4329 8915
8613 4013
9280 7691
8928 4728
6391 6721
3445 7780
9836 5823
3560 6834
1110 471
3635 7888
6061 4039
348 1813
2894 8918
1636 4557
8292 4082
1922 4763
4660 589
3 4302
1703 9870
5732 4635
4828 3295
4199 162
873 6072
6157 1917
7002 4908
9706 201
3653 3705
7573 566
9693 123
2738 2660
4588 4256
3676 8561
3618 4526
1812 3209
5525 5622
3863 4115
7345 636
9585 8679
4845 3757
6131 3391
3995 3188
6601 4511
8106 4711
6997 3767
5020 9586
7205 7935
6614 8159
9347 9697
3757 8468
5810 658
6048 2733
6732 1728
9533 4746
1536 9203
3414 4896
3025 2174
4835 9586
4311 557
7270 9199
9513 9625
7611 6675
5151 3848
427 9512
2764 3093
7790 3411
7631 4961
9790 4648
2056 6341
5699 5853
4018 2977
4940 6678
4969 4382
624 2298
4499 8295
6363 840
8317 3566
1323 8434
8648 7354
3992 7046
2737 7047
9474 2306
1052 9874
7858 7584
3468 4215
807 2129
7582 1459
6586 4637
9996 9751
4107 306
1687 7736
8472 8498
7388 6208
4457 9875
5115 6096
5942 130
3836 453
4849 866
7145 4685
1765 6594
713 2342
3882 1985
4282 4994
8459 4035
170 403
4378 9373
6482 7089
8886 8635
9188 8791
3680 177
2293 9262
8175 3594
7499 7437
9853 9900
9591 6407
4027 4605
3121 108
3166 4130
5655 4526
2020 7218
6996 6121
9308 7231
2986 7084
4920 2311
876 1594
2895 2105
5641 6513
4511 6986
5885 3271
5917 424
1532 6917
6357 9808
7328 8772
612 4150
3569 632
3886 6420
2741 7645
5159 8990
4264 8690
9275 7499
6290 3177
8242 5827
501 5905
3097 7866
206 4877
4559 5511
7991 4614
6315 6685
5958 2923
9526 6685
8394 9384
6395 8822
7068 1784
2859 506
95 2638
8831 9984
9543 6298
7652 2053
7587 8355
9438 4804
6289 9336
8103 1087
6270 3106
8072 5539
5919 2990
6974 5282
7449 1778
7905 3951
3831 2301
3635 8076
2646 2718
4035 5362
8188 5606
9870 7101
26 3946
683 548
1225 3085
3815 2410
4589 3593
6686 1310
5595 7015
47 5899
3250 9417
9003 4122
1123 3832
3629 7567
1509 3384
4382 7357
5437 9592
3373 6211
9068 683
8891 3812
5932 8351
7613 5260
1174 3926
3687 771
6909 4675
586 9042
9549 9535
8791 1243
5533 562
3963 5801
3688 3659
1857 373
9719 4294
8959 8928
7210 3670
5454 3890
6522 4649
128 1228
9149 6972
7579 6247
8781 4322
5384 2073
2749 1854
2326 2406
2005 1538
776 3792
4015 6472
3755 4755
4199 147
8903 4897
3295 5613
9408 3603
7998 9919
8885 9766
7224 7944
1103 7661
2966 3797
4160 4069
9489 7250
6144 3651
9805 9959
5159 1253
6863 4128
1966 2919
4337 4538
5563 9398
6710 5046
4980 2197
9545 8633
4316 5929
3898 3724
7640 6120
2842 2235
998 2779
4822 928
2739 1624
3431 7621
75 3896
189 5860
7507 4797
259 5204
9805 2320
8914 5310
4325 5072
3382 6820
305 8340
7292 4380
329 129
6971 3889
1833 6786
900 153
9500 2109
9197 3506
4261 793
9061 1147
6382 1031
5826 895
562 7124
8402 1688
3187 8548
643 144
7135 3021
9385 229
1854 9425
338 117
5836 4684
5321 8546
2405 1547
9373 7962
8128 1598
7163 1619
8194 6678
3941 2728
6198 1511
9947 8983
4043 1080
584 1564
6686 5797
6683 1618
3742 4910
8164 8604
6263 1943
5905 633
8931 7501
4490 4780
4572 5874
6675 1678
8202 5340
7762 9675
9357 6552
1612 2683
9456 4192
4531 7618
6711 7005
1321 5378
5121 3654
3860 9958
6693 941
3337 2019
3853 1159
4741 3737
4203 4298
20 3008
119 6481
9946 1298
2884 8506
6070 2936
7096 562
2007 160
9552 5890
7836 8142
9756 883
230 2474
5139 3675
7110 9982
9797 1176
1664 4528
6958 7615
9924 8882
6400 1887
2894 8989
3473 8784
2718 7658
1173 1387
8343 7132
4341 5725
1265 8527
7040 2806
8292 5697
4935 448
2542 6003
4041 3943
5990 3939
2765 5437
3026 4198
8153 156
3319 3709
8371 3491
1248 7860
3122 6837
1747 4909
1460 1586
3962 8478
8526 3468
5273 2041
7037 5878
2448 9770
8224 470
6433 4067
1760 8016
6483 9399
8670 7485
8093 4131
3675 9131
9735 8844
8754 4860
7164 5654
2595 3897
9443 4073
3829 3633
6282 1400
8642 4000
3422 4315
3735 9509
65 4548
4035 1330
2074 1291
6199 3091
572 2526
3843 7355
5296 1525
4491 6451
2812 6598
9181 1264
46 8461
292 5065
8189 3857
2630 3754
3285 5575
5226 6043
6221 1183
728 2874
124 3624
4952 4014
1041 2022
9386 4197
509 9180
286 2911
598 4875
2287 2029
2236 5329
2783 4733
1097 9080
4798 7459
5852 6071
3883 1961
4983 8341
9781 3820
3867 5202
8249 3515
661 8575
3520 3413
8779 3631
1605 9989
3985 3827
5885 7384
1790 9078
3647 2835
5657 4383
4834 6456
4498 623
7477 8533
4858 8095
3848 5809
8744 9780
896 83
7491 9864
4114 9685
3057 1178
7289 7125
3241 361
6261 6235
6726 508
3900 5087
4378 4565
1911 1199
3344 4330
6183 4089
1535 7607
7547 1831
6217 2460
2021 5264
7846 5285
5653 2430
395 2478
4544 6397
7267 1248
7756 1716
9516 4058
8888 4193
5018 4031
5565 9416
4410 1072
7832 3757
2408 9415
9749 8418
9855 3511
440 6362
1650 1913
8475 5392
8001 1600
7414 8271
334 7277
8740 1181
1085 1534
6137 444
1323 3123
9929 4577
2074 2908
1603 2504
1637 3795
6282 9779
2759 3301
459 4575
7384 5147
6697 7844
4516 7381
288 5239
9052 9656
475 166
8215 2294
8298 2458
4876 5012
3639 7074
9998 5914
4144 238
3710 8896
8757 214
6768 4367
3542 8405
1178 2957
1239 881
3293 1972
8317 3181
565 5832
7697 1778
4939 1280
4164 2787
6049 597
2885 4314
5161 2037
5938 9121
9151 5037
423 9359
6305 9364
9422 6897
617 3437
5008 595
6775 8654
8870 7891
2527 1873
7120 2106
6636 4332
9816 2137
5747 9337
7389 2104
1224 2995
5698 611
9740 3969
50 5610
6251 3120
893 9389
7869 1615
3855 7310
2406 6036
5429 3545
4827 2662
5116 3557
3680 2582
6113 126
1475 4928
1936 1086
47 5440
738 4666
839 696
7646 9261
6546 8217
4908 3247
4509 9595
8666 9707
6643 850
9340 7953
7566 5843
1228 2010
6364 247
9656 1855
4220 7689
2416 7812
8618 8889
4478 9382
9519 7316
7520 7757
37 4819
9447 6358
3856 1823
9308 1453
220 5979
3259 6894
1704 4398
1123 5647
8977 4539
7053 9163
6913 3457
6177 4125
8865 3951
7038 3261
4810 1593
7460 9989
3002 3267
4558 2022
8681 1116
3316 1144
1644 7642
5689 8033
436 1599
9875 4847
326 6223
5850 4610
7744 9641
3272 6287
1963 2023
9561 2802
4839 1848
4082 5100
6157 9398
1429 783
9720 6532
5705 7777
3784 7737
8527 9034
9334 5169
8224 2201
521 7018
4426 4568
1172 354
2886 924
9172 9278
6347 5951
996 4405
3853 2480
5251 9198
162 8546
2968 3578
7991 8391
7479 9738
6458 500
9961 5323
6910 5240
8024 9349
9887 8330
2104 9109
9820 9305
6736 7324
6947 5157
49 6303
7271 2507
3254 6176
6361 1935
2803 2234
8254 7665
3281 3129
6050 1299
1052 833
4982 8597
8213 485
3869 8736
9544 6575
381 1460
5164 7843
3327 8776
4537 4365
9081 7297
6939 647
9593 4738
6543 2839
8027 8959
7406 806
9224 6388
9093 3444
7985 2505
3054 3453
9853 2821
7962 8044
6723 3471
2623 174
9 8619
8344 481
5145 5565
943 4682
2536 255
8612 5903
3643 4926
4657 8617
9262 6134
4438 4668
367 6372
2372 4392
9214 7452
6548 309
4129 9152
9126 5508
8839 9148
4372 4874
7923 2021
8591 3642
3123 188
5918 3198
9228 7140
2793 9041
8463 582
7308 6424
3589 5785
8294 2883
1187 8824
7215 2169
8690 9934
6363 8048
1227 1701
4356 8775
9668 6094
3886 8440
8090 6498
1362 3055
6509 3237
4164 6602
40 8639
8681 6652
7842 4766
4722 7633
2411 2480
6905 1441
2121 1104
2266 7719
6554 1936
5592 3809
4819 674
2305 3939
2232 3609
5441 4571
3603 4966
5451 1930
7158 7217
8341 9954
8576 8720
1213 9390
57 9918
6298 9258
1757 9444
5959 7062
9713 2355
2235 9003
3084 4436
2334 5944
4153 4433
8198 6554
3018 4343
4003 3948
748 7983
315 9480
8468 6752
8999 5923
7405 3537
9153 7872
4247 414
1883 7521
5385 3436
1973 3410
457 898
3695 7959
8214 6503
92 8167
3236 9409
4890 6414
9248 9198
1521 7223
4440 2426
1721 141
5322 4130
6595 6947
5052 5847
2127 1989
7403 194
3748 3647
4627 2822
8951 3661
8277 4051
1549 1444
2816 2361
2555 4029
2996 8430
9736 3305
2787 5327
402 7477
5257 2979
8354 7151
8238 1754
4976 7460
8941 9
2842 7947
2173 118
1564 6991
6620 1606
1899 9253
884 9171
7198 3950
6778 4350
9051 9344
8024 873
9412 5654
1635 9726
4991 4671
3101 3144
839 4114
4916 4576
4980 4688
8962 3244
6847 8324
233 4258
7217 9497
4533 9006
4301 4050
347 4272
9146 8013
7006 3639
4335 4065
2042 6852
6841 8448
8348 9561
5294 2127
7634 8063
6398 7096
3751 4420
7896 5520
6603 2787
8398 993
5566 8873
8632 4196
337 8433
967 6295
7922 898
216 117
2267 5289
7438 2692
6536 1302
5055 5413
5306 1155
1162 1280
1628 2407
1038 3622
4346 3348
7817 8666
762 8038
1869 5013
9844 1323
6392 6749
6405 6
5171 5223
1421 7293
9488 9161
2877 2651
8787 9198
569 4018
7882 2565
1866 5398
965 7586
5511 4406
8030 1254
5160 8863
3444 9427
1478 485
6532 2155
200 2810
9336 2404
8101 7545
4092 4658
9808 3920
1435 5633
7536 4099
2148 8688
5910 7889
5173 9475
8982 1357
3322 2684
4322 9576
6192 526
4558 714
7336 6831
8687 2137
4719 608
1852 7867
9950 4785
7136 6224
8641 3161
287 5846
4432 9749
5184 142
1380 2092
3303 349
4020 6287
4147 3184
1441 3846
8860 2167
9269 9957
1923 9004
1938 1548
3610 3016
6690 1990
1226 6524
1901 7557
9472 1105
6601 2104
9577 1918
6193 1156
4792 968
6586 3408
2614 1775
7263 8525
966 10000
5947 9470
7511 9595
3657 8639
609 6655
855 2170
797 7827
3929 1596
169 3007
9600 3819
8107 2992
8247 4948
2891 814
6775 9017
7395 9000
9269 4321
3758 9147
8858 585
1643 2374
9508 1039
5464 4868
2850 7364
6244 9885
9590 9468
1782 7145
2373 9945
7708 512
219 5076
241 7491
6706 6055
9130 8137
2911 973
972 7932
5517 5465
4728 1628
6849 5901
4660 6086
7631 3325
8485 2101
5396 5880
5869 3653
3393 710
763 9346
3027 3758
9574 3809
2162 7283
7748 4748
9035 126
7231 9410
1604 5671
803 2566
8764 9054
3183 6856
6365 8036
3039 8307
6689 6450
7196 3996
3886 1311
411 5905
2777 5561
8630 5637
6501 7003
8461 7632
4363 3949
9823 9440
8402 7492
5804 812
3449 9635
8275 4618
6711 1941
3953 5822
5553 6794
6969 9297
1145 7948
8924 1361
3479 7827
4491 2886
2308 7766
4248 4193
5193 7126
179 362
3622 9627
6315 7455
9424 7305
755 4379
6697 641
4649 5248
5121 5348
2542 3351
7011 571
9495 5397
6040 6391
808 5637
8676 774
7068 1727
9597 4840
2233 4490
5567 6355
6548 1171
2129 7489
6045 6851
1117 1829
3997 5714
8725 779
8013 4694
8320 2006
1733 5142
4005 4422
8736 6116
7451 7310
9712 6024
6110 9333
5153 3091
5968 8263
9586 1422
5884 6272
951 6552
6613 4354
6866 1850
1271 3590
6559 5384
2322 502
17 5690
3191 6717
4286 4695
9424 4914
9447 7427
1540 2152
9670 8409
4487 4270
996 1131
4355 9932
989 160
4781 1887
16 2922
1845 1622
7845 9784
1429 2079
7293 6860
1232 6595
2452 5629
4850 1868
4954 5823
2217 5306
554 2338
8448 756
4574 7209
75 3894
900 6145
8500 2494
1392 9457
2115 3939
5474 8786
7787 7458
5913 6198
8950 9732
9780 4818
5948 5305
1802 2908
6323 3692
1715 154
1410 1777
5298 6249
8056 9968
2076 6956
690 4352
9853 6333
5827 3507
7129 9714
2313 7199
9463 8034
7467 303
1747 5928
8642 2319
5433 8869
3011 2787
3302 8421
778 5296
8260 8003
2431 6514
8337 4161
6339 8391
2091 8302
3815 6589
1666 9352
6198 1851
1809 3406
14 9551
238 2214
2642 9016
6393 9569
2283 4646
7154 6917
5222 1929
7132 5228
3833 7508
3542 607
6468 9674
8391 1052
1260 1613
8625 7813
1238 1922
5470 3714
3393 5161
5520 5732
6773 7494
6077 3364
2700 3866
4455 9534
2320 7156
1993 2864
4795 3906
7731 1213
5900 7930
4193 9124
5671 7440
6763 1567
146 1620
5284 3822
8862 935
2887 4589
9618 1193
7457 801
1692 6622
348 3540
8730 3999
9963 5330
4335 2258
6375 1108
7688 2706
818 160
209 2230
109 180
7482 3829
7097 233
6248 8001
4348 7093
1988 8744
4796 3584
7404 9313
1451 7126
9343 6418
6113 4491
660 5232
4521 5100
6697 2840
6039 5003
8171 7079
572 5699
2265 1817
4430 4611
8601 3974
3126 6990
6405 7594
9044 4339
6473 4476
6149 6435
9362 6356
5723 8686
9475 8258
1166 3538
9460 6467
6277 3535
6306 5979
8268 40
7740 8598
7943 4410
4952 4553
761 9788
6023 6568
4129 3962
5983 584
9995 7142
4801 8969
7756 4851
3410 768
9745 6279
2476 4160
7156 5104
9905 8621
8166 8904
9245 3072
6602 6775
7100 7391
276 1624
3600 4677
4931 3845
1304 9278
8743 1840
5758 6610
4477 4977
638 262
3672 426
7126 128
3049 8546
4183 6718
5119 8428
1477 8631
7272 9048
9837 4319
2629 6837
3452 3922
8895 2464
3301 2087
8262 1022
2106 2309
6463 9832
2566 3379
3575 1720
3622 9895
6200 282
4201 7395
6621 8852
9726 7249
466 2932
1189 4827
6214 8672
576 3426
6066 9269
7251 6639
9360 1091
2144 9663
1270 7573
1327 5633
9782 771
3483 5776
9727 1858
5640 9036
2538 344
201 7304
9563 1622
2758 9797
2750 3739
3152 1503
746 5246
8186 9908
5993 5392
6786 5903
3458 9572
5593 4205
9353 9371
2259 8894
817 2103
422 5387
918 5606
405 7728
4974 6266
8443 5690
4207 2579
2676 8922
3561 7651
151 6793
6753 7065
8326 9746
3646 9287
1248 7837
6374 5099
2970 9802
622 7467
3125 9107
3511 8939
6932 5721
723 452
813 4043
4849 7796
6531 7460
9162 3120
4059 8435
6459 5618
4849 1658
7084 3843
6859 7293
1821 1399
1685 1250
679 9926
2707 5351
4734 3775
5912 7681
8364 2147
9324 377
4828 7986
2330 5738
7362 4982
828 8218
3051 4082
2473 2156
5218 8473
5995 7714
7706 8937
6926 5252
3028 7283
7155 2156
9092 9588
1840 1307
9019 2702
2636 9405
4175 5047
9821 4523
8136 908
8590 829
7267 7157
512 3074
7089 6408
3207 7062
5359 6930
5713 1843
3048 1503
4122 1590
5746 7975
3695 3197
2953 4491
6789 3247
6856 3656
560 5905
8339 9287
4796 8639
1543 1867
6205 7989
8034 9290
3649 5094
7596 3584
5446 8400
8415 1013
9428 5792
2418 1908
2588 6872
1025 689
6614 6141
8685 2057
7314 5633
1079 7044
9063 8969
9133 1988
3006 4091
9558 407
7176 735
8395 5354
174 1199
5303 574
3069 636
6378 4579
3527 2474
3802 4278
2572 2363
4643 5054
2053 2180
4152 9768
5473 1093
8619 7610
930 3344
845 1501
8212 5102
7926 5728
2280 6756
9745 8948
5305 4949
5193 7617
5500 3948
9373 6378
1263 477
9089 6298
9906 7278
7340 7567
8163 8402
8783 1529
597 2787
1685 9929
7487 8308
1690 5929
8172 57
563 4235
2123 9301
6516 5929
8834 4085
1286 1682
7390 4042
9524 618
8845 3960
8690 143
1556 9739
9749 5004
2404 4992
322 3586
3024 5458
9446 6591
7357 3390
7828 3882
2297 3180
1771 428
7563 2851
5440 4952
1221 8863
2669 3794
1694 6445
3255 3270
2370 1170
508 3054
5397 5191
3650 6927
8706 1860
5442 6585
1235 3404
3285 5258
2330 1734
7310 4941
2344 2435
1014 1435
127 6753
2726 6650
5117 2756
5991 5344
7070 3696
3234 8582
1210 2456
9763 2244
9767 3358
1051 6100
2463 1636
2782 947
8669 9312
2960 7812
1409 7558
7947 2396
4518 2203
8054 6213
9474 9113
8651 7909
5032 6205
4826 4803
3090 2383
3109 9788
6621 4701
418 3171
7886 7790
300 8959
2228 2114
7006 79
8543 2013
1119 1391
6169 330
3806 8946
869 8903
2468 1983
5573 6230
7682 8075
898 5577
5985 9345
9124 6178
1300 9384
1981 9072
208 5092
9422 9394
1407 9891
1183 8156
1812 8749
7166 4612
402 3477
6753 9821
1999 5953
5466 2335
6421 4154
4055 7752
2983 2662
8715 2265
1629 5895
667 714
270 7722
8585 9433
911 6050
3384 519
2263 8654
5669 2289
7397 773
4745 7602
9896 8523
2358 1520
2468 5155
1579 8282
7164 2795
9341 7995
6613 1434
8939 6470
479 3825
8858 5117
6631 9791
7307 8499
8809 1490
565 1621
8673 7569
4732 207
896 116
2741 3302
7002 4032
8575 2276
7602 9646
3501 1603
1809 5899
3110 3369
5217 5557
1678 3597
8196 88
595 6586
6287 5489
7749 9018
5498 9462
981 8139
3244 1581
6474 5280
4349 7738
9511 1363
4640 681
1506 9476
4556 5835
258 5351
3143 1750
6370 4649
7443 5048
6579 4110
8080 4726
514 1072
572 9468
6136 5152
4469 3626
8898 7623
96 4408
8056 2899
15 7075
2271 9823
7117 2746
3659 6936
1106 3217
960 2180
1417 74
6588 4108
7291 1410
6934 8983
7839 1020
6884 6495
7503 6150
4951 4167
7449 330
6190 8687
9311 1667
6687 9804
9717 2914
4797 6790
4730 4605
4789 5318
837 215
6045 7539
5042 8023
5160 2513
6161 8261
3639 1604
548 4243
4412 5423
4679 5036
6187 8718
9455 1435
5690 7937
898 6191
7309 4717
4379 9509
3711 2743
5028 7346
3881 9539
8733 3448
6740 2634
2192 1658
9202 9926
6348 7954
1641 7251
6857 2605
4078 1086
8286 247
6333 9153
1278 3422
3260 5616
5827 1190
9021 3101
5746 4289
2820 5610
9190 7744
233 7538
4365 5726
3332 6276
7308 3222
3384 5555
1771 790
5913 7310
6135 3667
6575 7751
685 3943
1599 4447
2297 9042
3436 8939
273 844
3476 9650
2400 1006
7342 1151
249 796
9619 3525
3445 9965
6505 9208
5915 3579
5485 3650
9602 2751
5778 8757
8264 9458
1136 7188
6537 8839
3719 7063
588 1180
6491 7962
8300 2931
6955 9016
9419 1571
7357 5547
9531 8632
8104 8691
4853 6545
995 199
6877 5483
5686 6727
7996 1174
792 5024
3065 4021
7349 8955
4712 4348
6535 8978
362 4834
3575 5046
597 3009
7715 5008
8851 7713
3578 7255
664 4160
7882 9086
4107 713
8111 2913
5771 1086
716 2533
6005 3713
8328 9307
5975 6761
2671 1340
4531 8023
3218 3151
4333 6854
2008 461
5698 2762
2254 6464
8188 4100
6132 9336
4323 8097
6028 3191
7582 540
5090 628
5401 263
879 7016
9440 7109
8453 9296
5869 7522
4829 4087
5203 8301
2847 4752
9311 4632
1089 5210
2337 3017
3598 5757
1341 1087
396 4369
6465 6596
4643 4846
5231 8643
8265 6861
9546 8445
8040 6532
8386 2732
8425 3242
7945 1530
3175 6526
8634 2803
7663 85
379 2192
7303 806
950 8521
1727 2596
6596 5814
898 4761
8289 3442
138 8528
6216 9312
5023 3357
9479 6042
5263 9887
1603 8486
5948 9214
6948 647
9832 4034
1665 2214
7527 9573
8983 2549
8019 5680
8204 1929
334 7225
988 733
4509 1461
338 1734
8958 8730
5852 6050
4473 7455
2449 4920
8348 9239
1061 403
6064 5174
3458 4137
9399 7543
3439 7392
8072 2724
5541 6582
1028 8136
936 1252
5602 5445
1845 8091
6678 6195
2010 9378
3080 9372
1309 97
9968 8372
6832 8235
7351 2093
4265 6219
8891 1560
7150 5106
1714 7079
879 1998
2152 1933
105 1731
219 2579
5219 8561
4880 2692
5151 1496
8460 2087
9611 3125
3557 1359
5985 5149
5052 1731
5531 9800
6981 8458
8799 6139
1078 8418
3714 5904
8978 306
1275 6894
4194 3632
5159 6780
9594 4280
5180 2536
1347 5120
9683 8737
3563 2950
5906 5929
5881 2355
7412 9855
7693 479
8535 6272
2891 3249
5403 7513
8466 5747
4142 8723
300 3141
9942 1970
5592 9432
9566 4031
6311 3889
8236 6038
1170 4830
7605 9847
513 4281
9302 6157
2390 8109
1889 6931
1950 616
9587 3515
1283 1353
8408 2001
2138 158
5251 280
8768 6917
5348 3883
6593 6901
4551 1303
6403 8719
9075 5581
2447 2940
1329 3074
2732 3910
546 3641
172 5076
2879 7499
9345 4290
7179 9628
8960 2092
4803 7008
9362 9693
8044 7180
9433 8739
1496 1027
9141 2929
1364 4449
7452 3343
2314 2193
5703 4670
9266 2024
3820 7843
3501 3398
4978 3569
3987 4777
3971 5162
9557 8562
1206 9878
9435 236
78 4946
4416 436
4469 9038
1726 3469
4492 1405
7155 8019
7701 3812
7693 9732
943 5244
3863 318
6029 7816
6194 8916
18 1
802 52
3611 6954
2561 3277
9761 4625
9213 3159
3285 1068
2423 8643
3406 9346
2808 7773
1571 251
5801 3545
6269 7314
9100 8464
7625 3177
6738 592
9757 8499
8414 4907
3610 1720
2922 5633
1030 5667
8544 4674
3672 7396
5121 721
7428 1353
3806 4520
5069 2189
5541 9584
4886 6981
6285 7989
7961 9980
4528 7159
2434 3595
8637 7268
7607 8796
4300 9313
2292 8738
8853 2288
2100 413
4020 2424
6287 3741
8933 9159
4881 1539
2192 598
9396 1397
5444 3440
1593 6078
2237 9003
6524 3210
9962 4772
6313 4825
6135 4774
5629 165
8001 6711
3756 8229
1056 1926
4210 1072
1700 8745
8969 9911
1446 430
3293 2341
2883 6193
6603 8889
8176 803
8341 3294
9216 5552
8849 28
5113 5061
2722 4112
1065 2597
4073 8260
6093 7783
8733 8316
6929 5465
4782 9123
2760 4381
229 6008
5544 1043
1490 2081
8813 4110
1223 5952
6300 2540
1017 7867
4036 9804
8660 1770
4726 2114
6778 2829
2849 4922
8416 324
5549 6102
6949 988
5970 4832
3749 6175
5148 957
3934 41
2310 2549
7894 5234
4908 4391
3697 9334
9981 8982
631 6949
8727 6733
2362 3857
9653 7251
8667 1556
5948 1918
9658 2063
729 808
5553 417
6116 9895
9724 2511
6335 333
8111 7783
5567 3408
3348 5561
3952 1125
3617 7268
1724 8268
3957 8329
5204 3888
8045 3081
2723 346
4266 380
9509 8425
7064 724
3168 3992
4163 8335
5681 7552
2929 5844
2714 8623
1739 2270
878 1551
255 6866
641 2710
9330 1908
3547 6344
5635 9325
613 9639
5360 1648
4183 1658
3563 1055
370 6235
6717 3981
9592 3733
6807 2741
9259 8667
5318 9407
3463 595
2374 7725
1156 448
8845 7254
1067 5
6154 3947
4581 4284
5234 3693
7635 6710
1692 5205
9669 2705
3632 1167
272 6538
1700 1981
5582 6910
7259 7521
3778 4069
9681 7107
5371 491
8126 4503
853 2534
1900 5731
7467 9450
8205 9576
5351 4302
3445 3895
4150 9498
2409 6894
4988 4001
4495 4508
1685 3359
1135 8531
6558 5397
5289 2005
8815 2184
8040 12
2106 271
3774 1023
5684 9223
7350 9733
3373 9074
9691 6063
8845 7926
1040 8786
7424 8230
4418 2994
1274 9446
5677 1433
9992 7713
9621 8000
2287 9609
4561 3772
294 6364
5512 2218
7937 1269
6763 7477
5794 715
6615 8207
3331 7463
9908 7780
4087 8132
8416 4930
3490 3142
367 856
9201 9063
4141 9938
5072 6829
636 7298
755 7633
4698 8081
6 2716
1952 7338
6826 2678
8633 3043
6988 1700
9280 3067
5343 9053
4680 5581
5148 2281
6706 5560
7984 9025
5514 2351
3121 3737
6894 8002
4456 8869
1219 6414
1968 3352
2458 9868
6116 99
987 5031
3636 3999
3663 304
4809 4038
5430 2171
4875 3935
6963 2418
7479 2657
5374 2053
9519 836
7220 4091
9844 144
2015 9384
9904 7342
7262 2559
8059 7317
2177 5436
6700 4323
8820 7193
7860 245
7140 4827
4114 2091
5515 9317
8463 4503
884 8054
792 970
6474 485
4731 2007
264 5072
8806 7302
7772 1424
277 7635
4507 3008
7638 8068
8380 4513
1629 9331
2026 2151
317 2211
2949 5284
9885 2783
3108 2740
9903 3025
2301 670
928 1178
4914 6854
110 8048
7105 8638
8226 4258
7703 2107
9481 3485
8232 1835
5698 3387
4797 6390
4846 3411
6071 6834
3841 7756
4448 8751
8761 157
2674 824
7267 1898
9758 4876
3225 5729
958 9068
6756 2939
8465 1671
2138 3722
6515 1391
8414 9557
4936 6232
3292 6098
7172 668
2942 7585
8451 2491
9200 2304
1672 5566
9165 5869
6816 7669
6752 4172
7928 9383
5248 6782
5690 700
5801 5300
5191 4124
1182 4714
103 5037
8084 5964
8448 123
9869 1549
6696 69
8840 1747
1847 1688
8009 9944
2643 5986
4984 8488
2923 4258
8197 7874
1171 9356
9493 2631
1158 7893
375 7652
4398 6818
7839 6979
4712 1504
6463 6814
8388 9157
5111 8459
9124 5942
28 3580
4281 2860
8761 140
1108 6207
3215 975
9546 5290
9512 4758
2679 1976
5344 4522
4343 555
3338 6306
714 8808
5025 928
3190 4269
4737 2307
9838 2769
1067 2368
1524 3708
9652 3634
8488 222
5272 810
4262 3767
8250 62
6154 4446
688 8588
5518 7243
9025 6558
8098 3884
5389 797
6555 3947
6554 7529
173 8800
39 3210
4622 2479
1382 8817
2558 7312
9803 9445
4771 7821
8971 1873
1249 8119
2793 2230
2008 1667
4071 8221
1146 4566
6720 2423
1788 5590
5379 7996
480 6072
6560 7632
4010 481
3008 4119
5168 2908
51 9936
1735 5262
5977 7702
8571 5161
6426 2683
4451 6516
2502 1126
3659 9311
1301 2913
7426 2499
8219 5752
177 540
1290 6352
3541 5898
2302 7953
5786 6664
2242 3991
6190 5419
8237 6600
4481 4891
907 4147
180 6743
9972 3230
3867 8449
6514 9880
2413 8923
6015 4158
9790 9544
3283 6555
7645 7725
3398 9948
4181 2925
6034 3760
1744 244
4419 3925
3232 4468
5458 8491
3395 9195
5614 9652
587 7217
8104 3760
1883 750
2867 2900
7539 1188
3558 3972
7462 1796
7566 8897
1256 9412
2234 1738
6388 3511
4073 3588
9823 8691
8652 1336
2287 1431
4401 6767
7453 8982
2763 1228
8336 8306
5062 815
9115 4289
5992 5098
9710 1977
4176 2334
2368 5797
8686 8036
8766 8013
2295 1837
3542 8762
1276 7379
7481 8177
7995 2095
8448 210
5530 7028
9787 7570
1810 9081
163 76
2476 3711
2446 4079
6770 7610
1743 2470
4868 2356
9386 7551
4290 9774
6223 2671
5436 7976
859 3577
4150 7518
2292 2440
5017 5611
5351 685
9200 8446
6340 709
4112 5619
220 2482
509 6630
2209 2796
6016 781
3617 1039
5639 2250
5939 4079
6306 2866
7579 105
387 4842
6430 1004
9823 6377
9182 9905
3815 4290
8769 3712
1512 8950
2023 5265
4434 1271
2291 9102
5131 6516
9096 7309
5839 5564
1368 1957
1423 3259
2386 5980
9262 1418
6000 1881
7819 6860
7245 819
6359 2010
3640 3533
4651 9098
3629 2113
5289 9306
9960 8223
5857 9425
3809 2557
6344 5359
4237 7843
4645 1062
3930 3473
2449 5485
9030 3428
3293 5309
1465 3705
3237 3312
4613 1802
1368 5183
4037 3994
4227 3490
5298 5678
2817 4160
3765 5349
89 8565
2437 6947
3644 9266
4679 5775
5268 6722
1123 1760
1290 2304
7124 3609
9064 8457
9064 6796
1995 6648
8629 4366
4448 5147
7984 6407
9701 1417
3406 2640
4731 7932
595 2416
3662 5639
1406 6776
6908 6311
9161 9183
8391 1050
243 8318
2570 4862
5771 787
5989 3442
8829 3570
9556 768
8500 8114
4727 9392
3417 7148
2467 4916
1417 5486
8946 5792
3562 9880
305 6360
6564 1814
1586 7968
7071 8552
3223 979
9149 452
6342 7472
5505 8890
2890 1132
33 4373
9874 7463
582 4872
1752 1451
74 8744
534 3083
383 6235
2383 9524
8723 707
8754 3625
5194 5119
9940 299
8723 2970
6400 7943
2369 7095
4292 3828
9375 2685
3637 9549
9770 4850
1196 6444
4733 8857
7602 2794
7361 3641
3455 1342
6535 8646
7155 7998
4624 8103
1542 755
9600 3271
3457 2898
4863 411
8280 7153
9872 4460
5016 2395
1226 9375
17 3250
2170 3988
5936 6455
8210 4081
5446 5778
3698 5730
5267 2167
902 5005
4507 885
2772 9633
6655 8123
8008 2230
9 4094
4538 766
2598 567
9562 4907
6509 1409
1335 119
3793 6344
2316 2832
6284 9918
9069 8658
4822 291
5649 3114
728 9774
3732 5033
8100 4289
6721 3512
9937 3390
2952 2664
5184 534
326 5693
1614 9186
3779 464
8810 6996
3145 1025
6362 1646
3557 770
6299 3466
4388 4365
8221 1865
1308 8142
9798 5712
5330 5741
7674 6147
5322 9788
9376 9619
8060 9348
2671 8175
6959 3507
396 1182
1567 3360
7699 9723
5647 9395
4240 227
4266 1682
3297 9518
9327 1185
6819 2434
6679 2492
5520 3735
1429 7109
4735 8342
9733 6098
3463 4637
129 7236
464 6372
3833 7813
7217 1683
8633 4998
8244 6495
5481 5446
3792 3551
9610 1524
5135 1757
8926 5306
2571 3295
5340 1407
1876 4251
7974 1378
8507 3266
6445 7222
8785 2416
7494 4150
4046 9722
9513 4110
9063 1460
7863 8614
4631 9155
5448 6002
2732 6226
6401 9041
8252 8414
9961 9812
839 5151
4502 7249
6238 3559
9992 4137
2633 8692
5098 106
953 7967
4447 9578
2421 4544
7877 688
9872 3064
1288 7948
1706 7246
124 1001
85 1961
6971 189
4251 4324
3928 3421
4185 5594
7071 750
7480 9597
660 6100
4334 5592
5819 8288
9175 6741
3073 3045
9225 7445
9343 898
7039 5471
9058 5433
1964 6925
1160 911
2983 9788
5832 2366
7040 2652
4670 9208
6531 6871
9696 7146
964 7027
6191 4557
3367 5915
8857 8687
898 4853
9375 1265
6309 9501
6822 5835
6790 7947
2458 8797
1260 9698
7644 759
7121 5429
6952 1795
4202 4371
4575 2282
4451 5899
195 2488
6593 3093
3479 1645
7177 7174
1160 7058
7346 5226
843 3084
6449 6973
2738 8972
7402 8231
491 6560
3475 5915
1221 8187
38 257
9887 1182
9153 3321
3353 1729
217 2413
5568 4793
2331 3309
9542 4721
1419 1030
1604 9314
8144 5318
2573 382
7604 1650
6634 3897
8276 8802
2102 2549
5316 5010
8676 5881
5429 1489
1976 9059
5038 4829
4739 5854
5577 5523
1898 6641
2026 7273
1343 5406
7971 5628
2156 7909
2460 7172
5834 2430
9437 8572
290 816
3549 9818
6894 4731
4529 1174
2255 2791
3646 8966
6962 6573
133 3540
8959 1442
215 2247
2318 937
8656 1821
2753 609
2708 9297
9561 8491
4900 4317
8950 4561
9169 4335
7652 1495
67 4672
502 4362
6741 2007
3990 6394
376 2525
2673 695
5915 3464
6110 9068
1513 1601
3780 3770
8037 6266
5926 9572
6255 1591
9101 4006
1138 1039
2166 5557
3064 8374
2079 8785
674 446
1283 1554
571 6931
7731 686
5519 2954
5299 1956
7627 2674
8524 4246
7354 9489
1512 7260
5980 2325
3590 7214
3975 530
680 1463
3950 504
177 3725
2458 791
1887 3648
1874 9134
2076 7737
265 9738
6693 5877
5337 7161
8607 5191
5624 2088
6396 3699
1198 3806
7816 6026
3877 3977
4188 6272
3719 4580
1456 630
486 3922
477 8455
4072 6760
3506 137
6111 8150
8689 4142
3072 4614
7401 7213
9270 5555
5734 1757
4039 7458
1013 8367
3833 4955
1585 8780
1334 7622
7943 9867
3377 3783
2741 9256
6992 140
4865 8772
1260 6916
7392 3496
6649 1211
6939 642
290 1515
7634 4533
4341 9059
9951 1717
3730 6951
8041 5755
699 9492
776 5122
6993 226
4372 1988
3466 5728
2757 5992
1781 2978
2902 3978
6844 5635
8211 2901
8706 4451
316 8493
8030 123
3185 5169
9277 4606
6542 4539
7678 557
7663 5933
3903 9689
8941 616
4915 511
4019 3326
8434 9779
1293 1231
2460 9666
1243 593
1735 8975
6893 4548
5357 6461
6352 4361
8794 9670
4785 1873
8379 6851
553 8919
3084 6037
2053 6687
8893 8767
1870 8787
2311 9063
6895 3242
2266 5799
796 6573
6821 7427
701 1746
3121 9260
2097 2019
5883 6660
7963 5027
9939 5357
8596 5873
5653 7087
6086 5297
276 4606
6182 2282
4341 4843
8510 6472
9118 9394
8253 525
1381 8079
7951 4932
751 8181
6271 7378
7858 5893
874 2071
1487 5427
3656 5243
6688 853
1668 1090
2777 7856
5191 8921
6732 5397
129 9573
1398 5752
6827 7955
16 8205
2213 3103
2898 7895
5568 52
3771 5824
9487 6370
1223 3989
5883 8533
4829 2193
1111 7537
3837 2681
1618 9280
9644 421
8481 4495
2886 1420
4382 3484
7562 7616
8425 9622
6130 7116
7285 5540
4368 7951
7120 3977
7531 9107
5929 6352
3832 1039
978 420
8324 8991
4186 9895
684 884
7015 1595
4055 5227
2259 1431
9675 151
1188 452
4689 4899
5196 6486
7209 8440
1134 6837
1536 162
6873 6659
5524 8402
637 8417
6337 7624
8425 2224
3474 964
256 3712
3808 9226
3268 710
9443 3745
2069 7168
3568 1700
3762 5611
5054 7932
8401 6783
1017 5785
6702 2798
4509 3633
7706 8076
562 4577
1389 7781
9147 7040
3447 131
2121 2992
5894 6407
5067 5543
8778 9761
9517 307
6392 7003
3190 8621
3792 5355
6744 5682
2541 7844
2187 6519
1518 7772
4346 7306
1108 2155
7468 6643
5498 2201
7788 243
640 9179
1906 1855
2144 4558
120 7306
7466 6371
8778 8383
9542 5224
2395 9114
8770 9355
3476 6675
2911 1326
1127 3478
4740 3955
9823 8284
8025 8290
7995 8022
9220 7251
377 4776
8724 7767
9378 64
6863 3314
7696 3175
1826 2239
8935 5117
1802 8806
8015 6778
3775 8658
7653 9573
637 4229
9418 5700
7686 6591
7652 9215
1194 2420
501 9687
5622 6645
5977 7686
605 204
702 9672
1939 774
5644 4020
557 1896
3553 3922
7556 1464
7642 9445
749 1245
6322 1448
5052 4607
9758 6795
9595 4780
2464 481
3216 193
9410 2466
8648 5302
3066 8691
1772 4582
6998 2701
4262 5401
1157 4262
5194 5817
3329 9815
7626 9553
176 6662
866 1345
764 5282
1067 2350
1656 3265
3885 9096
1573 6538
403 7392
9187 270
7828 2627
8761 1327
101 5730
7777 5457
5973 8199
7414 903
3655 9079
6822 9384
5627 9015
5381 1678
2944 2675
2144 3876
7489 5013
2758 7498
2981 1913
5868 3251
2235 2034
2923 556
4360 7027
3869 5654
5847 8279
4919 8890
3699 6070
3202 6446
1462 3429
7097 9399
9612 6528
4775 8585
5070 9660
5815 3263
4996 6046
1673 3492
2791 1096
3340 3478
8593 6871
4682 6653
22 5072
6766 3260
7455 8001
1257 1204
5155 4417
739 6788
6864 8889
1361 4274
6471 3183
3445 8641
8539 1687
2003 1603
6596 8863
7796 8049
2336 7127
5236 4888
5145 7250
6390 5378
5639 6407
6559 3688
4079 9586
110 235
5560 1705
9161 9176
1520 5386
3045 3920
9184 9077
9778 9640
1294 3184
2410 8449
2632 9686
3090 8638
8538 4433
6429 5579
9368 7475
942 8051
3818 9039
4856 5168
7429 5773
6043 3348
6308 5637
3349 810
2381 9621
6453 6769
4305 927
4628 2577
6643 902
5907 203
3186 7970
6905 263
1692 5269
6586 6788
8997 9218
8540 3035
3486 2161
5912 7120
3485 6482
5948 7925
1042 9027
1918 1686
988 8712
7927 9096
542 3143
6523 1679
848 2314
6322 2613
8778 3446
6281 1640
5608 77
1427 8001
1472 7198
8684 2458
438 7914
3906 6059
719 4671
748 492
8653 4343
854 1920
2011 2762
8580 804
7183 2495
3389 2872
1881 7539
8603 4386
5220 7788
8817 6759
1173 4309
3605 8346
9091 4331
7283 6496
5615 5558
1620 8970
6997 9320
707 3345
7521 9949
5031 8330
6278 7846
4644 8644
6970 2349
2428 4665
285 250
7146 8407
8522 949
6102 7316
5455 8270
8104 6399
7096 8943
3653 6977
2183 7786
3057 9238
2420 9414
4080 7276
4175 2879
5023 601
740 5634
1194 2064
9296 4860
1897 9182
8307 5821
1611 4220
2371 82
46 4030
5139 4518
4898 6311
9263 6004
9471 5007
4485 869
8732 2741
8599 8446
9249 3525
4556 2312
1436 5305
671 8664
5223 4902
7103 7247
5764 687
339 8448
6895 5806
618 1224
9568 9212
499 5948
8260 7588
772 2178
8924 3622
7499 6563
8945 357
387 9707
8221 6680
8146 7939
1971 570
8466 9850
9362 6189
6227 1470
7068 4437
930 7974
6025 9875
6594 6414
5142 3052
5006 9312
3888 9044
1089 9752
7189 271
6030 7373
6749 1905
1410 8725
7447 8492
5509 7304
3727 2301
8581 2261
2794 4486
6583 3439
1802 9095
6029 2494
7559 193
210 5811
7500 5103
7228 8233
8792 6062
6579 7424
324 4378
6188 1130
6515 710
4219 6117
2510 8294
7133 7100
477 9260
4035 4717
9469 1175
8900 5601
4094 5246
149 5213
7408 7409
6599 768
3355 6983
6171 5964
8196 4393
3486 2230
6415 5269
4566 9229
1733 5722
7952 3463
7351 4499
4698 9208
3048 2771
7142 667
7781 5440
1818 9200
3237 8299
5460 3329
5156 3562
8950 2207
5959 8384
4660 6741
9711 4217
9504 845
8292 3277
3665 2533
6725 9474
2675 9697
6731 2400
1423 8115
5258 9498
8866 7706
846 5365
1443 1245
1600 9803
5304 202
9547 367
4682 5931
1820 9197
1637 2076
3837 629
2373 4409
8132 2804
3329 14
7453 4200
3982 3140
8263 4072
3548 3304
5956 1221
4360 5005
5351 7759
5205 9048
251 8929
1356 5069
3464 6197
2780 2771
9931 9225
5381 197
5542 607
7176 5214
7870 6526
1397 6524
6264 4497
5155 9698
7450 854
1643 2767
6736 8434
3586 4600
938 2611
4438 431
8394 2969
7705 2233
6290 5936
3472 7294
3189 201
3946 7211
3657 9497
9441 9540
9171 2642
9283 3419
1534 2082
8518 8609
536 579
2199 7303
5762 5047
1823 5532
1425 715
5134 5414
9186 245
7626 3306
6259 3458
5444 4678
7804 692
5344 8755
3629 792
2363 9731
6645 8199
8252 8115
7039 3619
4708 6177
6165 4590
7757 9721
7353 8727
5670 727
1222 7475
2703 293
3723 1070
180 3044
7481 3681
8924 5267
8213 2380
2453 1240
6926 7141
8697 9541
1662 4079
353 6283
1004 2036
6440 5588
149 2381
2403 3438
930 4077
3433 4975
3325 5714
7682 3239
5423 6371
4644 7338
5335 4288
833 9065
9474 2168
2344 8010
6439 3926
5385 8125
7349 6256
8832 1412
4395 5818
7410 7970
2061 2068
8977 857
4708 2292
8606 1063
1728 7151
2102 7432
7581 8423
4875 9345
2530 685
1502 5795
6273 1468
615 6604
4482 4380
8237 9858
2262 7111
4382 8718
7317 3485
4398 3415
2205 5667
9269 4346
9134 3322
2713 381
1944 4361
630 1453
6496 4816
7577 2313
3645 2530
9553 2286
5656 2387
2013 837
7531 2548
7013 4585
5661 5550
1517 6797
1402 2072
7825 7608
7233 1720
6852 9349
1646 1203
2572 5273
7508 6358
9405 4251
3690 5175
7437 3023
8337 3927
7810 2661
1942 4430
7443 9934
506 6617
9368 2855
9388 8679
2826 4702
7134 4775
2817 67
3279 3598
8891 6555
1043 3847
1302 906
2607 6355
2740 6778
4023 185
9552 1387
576 1196
3932 8368
9049 3382
1763 2522
66 7488
2795 7693
8186 1422
2595 5395
9613 1931
8462 7244
1671 3369
1413 8454
9329 9474
6125 8917
909 1063
2679 1284
7685 1083
763 8522
6598 6417
4878 2838
2244 8291
132 4722
234 893
8503 262
7639 5837
6897 8900
9944 1553
3169 654
8311 7344
1418 8826
6228 6231
4219 1376
4336 1808
6951 8225
9115 2088
9393 137
4848 481
8889 411
659 9010
8704 2077
7355 624
2358 788
2201 4861
6485 8036
9575 4990
9945 9209
9448 5458
9573 6513
5729 1453
7227 730
7980 198
8425 3414
1844 7423
4934 5729
7663 2512
3150 8237
130 6482
1649 4789
9833 1679
624 6544
9661 7646
8054 4130
4407 1060
3317 3958
4884 5375
9081 9991
4147 2236
3366 671
7850 2332
3254 4013
7664 7856
9727 8286
6543 1831
2427 9032
2407 393
4769 8182
7637 6077
511 6129
6597 7017
6440 5248
2364 227
9662 6578
6716 8586
8253 5899
637 7181
3417 8183
9431 8
4422 4782
3240 8757
3709 4896
4556 8124
5837 9258
8837 5215
3239 5025
7482 3727
463 765
8202 5152
8972 9058
1054 3845
404 6131
3569 6968
8256 8930
1427 6120
938 9537
9064 1185
7408 6091
5537 4366
106 5047
8418 4926
6 7133
1465 2488
6671 9701
3028 3851
9424 9358
7865 3368
7552 4475
3164 1599
775 3045
157 7470
9788 344
2044 7199
8541 2450
3907 2472
3815 1037
1034 2830
170 4156
7457 1880
4321 6519
1405 6169
5071 6612
6293 3350
2934 9354
7467 5565
8127 2489
4185 6982
6995 9442
3011 2776
8703 9821
1968 5494
6546 3891
496 3778
9629 7771
3498 3832
388 9817
6905 459
9851 714
1687 2975
9190 2038
7420 7538
5952 6423
7067 3359
626 8284
6677 6973
3500 5143
9831 254
2569 2896
8203 8579
6533 9639
9959 6776
81 3032
4829 1595
7056 5268
5044 5601
7417 1865
9565 3970
9003 9512
1532 4406
921 4761
1026 8144
714 6003
4945 2217
1081 9047
2316 2731
3541 3576
5151 5326
8055 8361
6852 3995
5172 6760
6135 8376
8583 6469
8636 3018
9878 642
6646 3737
4491 6660
8520 2235
286 442
824 5806
8331 2842
9608 1452
7821 6006
2616 3542
3852 4030
5769 7581
9525 3951
7631 8818
6741 1354
1443 6162
5809 86
1171 3144
6783 7223
1092 6881
1613 3241
4380 1911
3602 9371
2238 2155
5785 8737
8098 7457
1175 2141
5918 735
329 6731
1764 4478
9453 6057
8822 7672
3302 2775
8045 7409
1835 3138
1888 9694
2553 6191
162 6651
3718 4146
8803 2516
6326 4071
7917 6656
3806 1992
8387 8791
3865 6908
8879 1466
3814 7605
4004 5766
306 1589
9348 5305
2164 6312
3971 1139
1575 750
3289 7905
7869 1476
9228 9361
1447 800
3554 5182
3495 6633
5861 9503
6275 8368
8053 7497
6493 8304
129 1379
4949 9781
208 3646
8122 3213
6253 158
5082 3303
8474 4789
4171 503
6407 464
7648 3654
2116 3176
6553 7599
9263 5633
861 9272
8858 9312
1437 4932
9199 2095
9510 9034
2470 3257
2902 1609
5027 6975
7534 9025
4121 413
4606 8376
9613 2739
3219 308
1360 3707
2629 7034
2161 4311
883 447
7679 5372
764 4173
2737 460
9232 5661
7980 5772
8241 4461
3730 3036
7245 4759
8722 772
5124 1462
6924 811
4413 1459
8929 5907
5637 106
5038 638
3962 828
7973 1424
1580 604
2861 9809
1907 4221
2256 2481
454 2203
4761 7247
9852 9694
6182 8481
7269 7791
4515 4162
1487 1801
8933 1992
1084 247
7532 3482
4676 3877
6997 5485
8809 8170
7582 5856
8369 7989
8864 1629
730 4350
3564 2418
8539 4875
7165 3903
2558 1113
989 3711
6321 1838
9720 1212
5376 703
4291 7171
654 8320
6174 5079
952 27
6980 3049
3078 5640
6002 1463
7185 4540
6165 9692
8864 6898
9129 3637
9693 1761
4971 364
1765 2629
2700 6092
4138 9877
8297 8871
6283 9055
3823 3371
4378 4212
1590 5300
477 5540
3872 7048
2947 7580
364 451
1248 5612
2533 5854
2963 3929
6160 2944
2659 1767
9778 3932
9569 3060
7409 8087
4465 3780
436 1213
9078 9730
9645 4972
5361 5880
7783 8277
3961 9278
4608 1944
7500 1439
2474 648
699 6709
4105 1364
5729 4383
4255 2361
246 4146
4411 165
6528 7709
2606 6332
3431 3110
8887 1412
1442 1949
4268 9168
6026 190
7737 8714
4743 663
4493 867
6825 7801
8244 378
809 3516
1060 6595
496 9460
1531 9068
3576 923
8649 2592
1454 1931
7111 5161
7403 305
6527 9089
4884 4019
1504 9256
3947 4439
9541 406
4377 1813
1951 8761
8497 2925
2919 8211
1718 2315
5004 6654
6824 1243
1277 2119
3188 3174
9757 1489
4185 287
4247 2855
8786 5922
6304 3745
6139 4463
774 3268
7493 9335
7045 6321
9240 8
8274 7044
6684 3677
5504 1729
1424 2457
7058 1843
4102 9394
7298 5432
7672 1188
3457 1892
1376 9750
4983 9035
2084 8011
7653 3737
245 8575
8368 3463
7434 5141
9189 80
560 6535
4602 203
7014 3842
7180 2682
7401 2825
9596 6156
5745 4245
5370 4565
8422 3171
8087 799
6594 9742
216 416
741 9947
8081 8605
3965 9041
8100 1529
980 9962
5530 474
1070 114
5848 1042
1235 7903
472 7323
4122 1527
2862 11
6872 6245
379 9373
1099 9316
8679 5362
6517 5995
4182 5878
6973 346
7883 8128
1168 1144
3944 4117
539 5797
4546 8337
9548 9175
372 1255
8548 595
8253 1428
8824 7557
705 2591
7762 4646
6544 621
1229 8366
1116 5815
1701 2933
9902 5735
2202 704
6151 2385
466 1857
207 1655
5413 8266
563 9339
3658 9174
7159 9842
5723 652
2021 5039
9585 7099
3171 2652
6947 7241
63 5421
9111 2941
4477 4306
1938 1130
9149 6204
878 204
8743 3149
5042 6290
7963 3294
7059 7284
7632 132
815 8668
2753 5361
3821 3134
5664 2389
5943 987
7587 5339
3541 9138
1453 2570
4066 4650
3194 4695
926 8747
2653 7002
7935 2680
7490 5122
4990 7408
4442 2940
8308 4847
5750 7701
2064 5350
3878 5441
7219 3931
6583 7994
4421 4850
3162 2995
962 7225
3929 7169
7337 4641
5675 5781
8775 1640
8164 8440
2314 5180
2495 8181
1643 7509
4316 5098
2488 5977
8501 14
5476 5291
8007 462
4005 4732
1177 9175
2759 1148
5762 9278
671 2696
1082 2293
1530 3632
3521 1928
4158 9191
1789 4472
4646 251
9018 9906
4945 1164
8216 5707
8318 9633
7313 3931
8062 6241
2869 6066
8526 8081
7536 2726
2230 2091
1201 7295
7069 585
8010 4232
9832 9549
4893 8620
594 8785
945 1861
4900 2110
2579 1865
9743 2830
559 2860
7706 3253
1229 8066
8090 4609
2124 8687
9955 4190
9760 4227
4420 8732
59 7199
9115 2596
8172 5526
141 5257
1585 2828
1949 9801
3346 5018
2143 5532
6988 1919
2091 8883
5365 999
7996 6326
6027 546
4481 1895
805 5640
916 3681
7186 2123
5811 2794
2454 2400
4169 716
4897 7900
9371 5840
1008 8316
2179 4559
3646 9996
751 469
2757 7759
5863 5290
6387 99
1074 539
7543 5089
656 6750
5597 4682
1147 915
9476 5138
6257 8192
3820 4603
7513 7283
1525 9580
3049 6268
6379 71
3825 3978
4502 7149
8767 7531
4635 9796
6562 2577
2824 3124
5278 4712
2306 6937
8248 4401
5325 5699
2481 8829
975 3981
2723 7750
7839 4486
6294 7738
3427 3757
1167 1925
2080 8763
8285 2599
1238 8769
5741 795
6381 7285
1383 3341
5874 7634
3475 3236
8494 8765
4691 9599
2732 7417
5528 1741
343 575
4720 7310
1339 9061
1365 8804
7976 3771
9412 4214
8612 9057
7669 4119
1297 1707
2515 1734
1071 6557
4843 244
173 9696
9487 5105
4330 8153
9822 5002
6585 3289
8558 4766
753 6519
8813 2404
2836 7421
3340 492
7486 8231
995 7500
7003 7840
876 7463
6619 4524
7151 7186
763 6435
2386 3015
5965 1219
360 4651
8994 67
6780 1048
3098 8403
3918 3306
5288 8513
4935 8155
3505 3949
4542 4192
9842 8444
6128 9889
8817 6087
273 7565
40 1950
8775 1349
8965 3698
2312 4449
7568 2767
5605 6799
3040 5391
2946 1117
9505 5971
2502 9807
4839 8421
8609 8696
4222 6089
5551 2225
9710 6207
1514 8127
5224 3577
3663 9534
1465 1760
3229 4663
4643 9119
6 5949
5790 9815
5367 5898
1241 65
7694 7361
2213 4765
5781 7472
683 6041
5226 4346
6932 8810
7528 8177
6991 529
8106 239
3874 129
5909 4322
1328 3040
6648 7965
2522 8424
8099 9096
421 2764
4575 8695
6606 7727
5878 6417
3481 5166
9389 3811
3515 1760
6305 2638
6932 2325
7769 2154
6408 2369
326 2600
2247 6601
6879 2407
2452 8968
86 7679
3002 7339
4650 1465
9741 9310
5751 8833
9144 5560
1375 5133
4524 2492
6843 4479
5246 1497
5633 7423
2381 2502
5475 4690
3235 3323
7288 9121
4106 3619
7037 5797
664 2709
2719 6443
8319 9653
9628 1034
5619 4494
5830 9308
2776 9473
402 1287
6630 366
3435 8360
6124 7257
3132 8367
8003 792
5540 4188
8896 7269
7254 3894
753 1818
9240 3031
502 3758
1608 2863
9160 1657
4560 6494
6953 8557
4113 1917
6208 7690
4700 4358
3125 7249
2219 6005
2121 6324
671 1838
9305 1877
6364 4072
2539 7022
5414 8469
1743 93
4200 2686
3323 2047
1963 4581
3653 9100
4244 7702
4772 9301
4254 3563
8884 2965
9525 7056
9511 1719
9156 1645
5316 7893
1404 6371
1467 7921
2183 7309
6277 5189
6626 8866
142 6168
7401 6334
3533 9953
8275 698
6195 7844
62 1921
9299 7164
6004 2594
7141 8698
6390 7143
5329 5431
6579 1710
5591 4922
2737 157
204 4977
698 6767
1797 576
9398 4907
5429 4187
1175 8316
7350 9260
66 6568
6763 7063
553 6764
6815 7586
2463 9869
9504 9530
3041 5670
2401 783
6700 2366
3285 7259
6566 47
2447 6305
6682 7952
1808 3170
6029 1664
846 5453
526 8833
7144 4717
6086 4353
7565 5185
6134 7553
3400 7445
9885 5004
9759 2494
8113 7344
9972 4891
5811 95
8903 7329
6499 3781
4184 3156
7276 5193
4838 8456
3434 2120
5656 2434
8811 468
9452 7239
4844 2042
9983 6061
256 7516
5473 3474
471 3872
1456 6216
9510 7824
9358 5674
4141 6757
660 2836
996 6200
2843 6307
6851 779
9703 8987
2060 2918
6310 9990
4090 8541
4147 7580
1285 380
6157 7528
2364 2277
8279 6943
8356 9654
3467 5184
2503 7483
838 9336
3641 8817
6955 9168
8587 2842
9192 4252
1820 6934
5580 9005
2764 6600
9413 9377
1727 6504
5830 7163
1484 1573
2578 1008
8631 6792
4952 820
837 910
2161 3429
6772 1968
805 2517
332 919
7794 1847
8595 4135
3654 4077
6748 2062
4435 1701
2465 74
967 692
9910 9311
2475 3852
5699 1186
1149 5392
8540 7349
9923 4040
2834 237
9134 3887
6843 3912
9221 9879
5085 9073
2872 6872
9288 6903
5117 5366
4374 6720
9310 6844
5532 76
6216 112
4776 5094
6385 1177
2110 2722
9481 9061
4132 7062
6597 4208
9517 2157
4819 6576
4082 3993
3283 27
6212 8297
4959 2402
4905 5835
9241 1035
4803 5142
8876 648
9716 9673
6472 7646
9443 4755
9393 3593
554 2870
4308 4035
3277 8518
3081 506
3130 9982
4895 2079
5289 2758
6521 3949
1214 29
9320 3268
1549 9210
6009 3975
3751 9461
4428 7465
4211 6052
7163 8304
7935 7459
9019 5302
9394 2412
5579 1813
3182 6092
4447 2101
923 9977
3789 4535
8856 640
5016 7210
3606 5694
1751 6257
2572 4198
5303 3426
8230 4421
9029 5736
9782 136
558 1111
6175 6552
7294 7973
2709 7271
9299 4387
4073 9817
730 254
7683 3044
3439 7509
5662 273
4630 2959
9946 6542
5149 1833
4954 9031
3390 4628
5234 1141
9435 9082
3623 9717
3075 2794
7908 6632
9842 3
7030 1244
5171 9407
1737 1614
9546 4926
7509 1597
5475 1084
3239 4388
5360 6949
6488 2638
4087 1267
9605 2136
6824 1989
9591 2628
3799 1391
5421 4640
9344 4551
3169 9577
1674 9789
9062 166
5086 1221
6665 8761
3654 2943
8586 4016
2242 8193
5565 7583
3976 8428
9875 5832
6702 6289
7082 2426
7392 5044
9651 349
6086 8466
9840 1906
6275 2521
776 9767
4033 4912
1161 2423
3938 3520
7291 8292
3316 4234
2072 1857
3084 2995
9375 4418
8683 7044
7962 4313
5760 3140
9466 3605
5047 5107
4533 4955
2372 4902
5074 5688
2567 5433
2051 4571
6688 1058
9749 8313
4756 2510
3241 7278
3915 4717
688 789
1954 708
3221 4211
7664 3673
1244 2475
9757 5638
9238 6659
3782 4031
5410 4845
5397 8980
5855 3955
6760 5379
1673 8486
9716 1535
8639 2518
359 5016
7191 1642
2251 6102
2827 8554
2557 8738
8712 492
8079 5365
5733 3596
950 594
3657 9786
2040 1094
5926 235
1979 164
7201 3219
6814 1321
9261 8897
8897 9184
8824 8114
9452 704
422 9474
8609 4890
2189 3842
8786 2355
2821 6571
4902 1753
9127 7281
4562 1958
8377 1641
873 4514
725 8182
59 6669
1253 3257
9866 8388
5295 2268
9273 791
8773 7522
9958 8994
1074 1169
75 8739
6076 1825
4770 2512
1041 2737
1099 73
3320 628
8100 1425
5850 9985
3896 9206
7851 2492
6098 6646
1865 1783
5183 6081
5189 9451
8508 2581
4998 4341
4191 5582
6701 6099
5464 7488
8421 6319
1215 3450
8251 5385
5950 8301
6389 8428
2904 5833
8692 6942
7459 6841
9666 694
648 1417
2205 7299
9746 4182
4823 2952
9734 5114
5726 693
9172 4125
8722 4976
3179 5504
3049 8522
6132 9166
9760 1123
5858 4552
6189 9400
2034 5306
7561 885
330 5955
8835 3175
4781 2260
9084 8730
4791 9096
9738 1514
2948 7167
1019 5433
2725 9907
4295 5589
299 3119
6646 6253
3271 8960
7863 5216
9910 4508
335 5435
2224 3374
7505 9725
1916 2666
1661 2686
4444 2315
8298 6502
3773 5989
9622 2932
6300 5468
1899 2041
9776 2421
9079 1982
4554 7055
9751 6737
558 123
6851 5995
9393 8965
2886 1794
6212 8655
3814 4821
4858 256
3994 120
1971 3951
8241 5802
2428 3370
8621 6101
4605 5459
1980 6139
349 1425
410 4704
8663 3190
9785 8943
5649 6874
8900 5658
9092 3867
7879 5933
4690 5523
6605 8408
948 8109
8838 5390
5334 5239
9167 29
2760 3860
4230 5834
2910 600
4331 9971
1321 4657
9161 9690
5163 1298
7496 1433
9619 2448
6933 4817
4286 653
8590 6674
5535 5345
6009 4640
5002 5911
2225 988
1332 6436
1139 910
5569 8559
1846 7021
352 526
7900 4314
2939 9481
3367 7571
5229 5104
4377 2607
9915 6550
4963 1998
2603 7203
1834 290
757 7881
5066 2430
3743 4342
3901 2326
3202 4392
9584 7712
3378 1014
7687 9217
9013 8914
5661 2503
302 6055
1053 9048
563 6493
3738 9539
1397 2254
5272 2001
5025 6579
4746 5471
8736 2614
5477 7093
3501 5522
3933 8443
6234 4789
2656 203
2946 1533
8033 3609
5137 2351
823 3460
3350 2537
6786 548
1860 769
1226 4306
2780 5613
9333 4679
2879 9212
9814 8869
7343 8486
6793 5039
6982 2002
7589 8380
8967 3064
8614 1746
2778 663
8769 93
323 6390
3470 712
8925 1336
5554 5668
8721 8327
1235 3505
2723 3480
8171 1444
8807 1123
31 4037
1098 6016
5972 7812
4219 6961
4402 3002
3024 2179
846 5827
8897 1273
4452 2607
186 6209
5548 5986
6045 9175
6038 7087
7195 6114
5056 2502
8289 8334
796 1357
8450 569
5248 8813
4150 2466
4871 8044
2682 4738
3370 122
8392 5103
4482 2810
5166 1822
8623 781
2058 2172
3532 2626
6110 9479
2732 2477
99 8103
930 9186
9916 349
9111 1768
3818 1982
4345 3794
6886 4430
1555 6321
5986 7197
9540 2627
9731 2344
6275 2206
6326 3425
1634 3037
2803 7803
4126 2224
6550 3902
1850 1306
2512 2847
2799 2422
3450 706
2094 4809
5700 5616
7690 9341
5725 4811
8583 416
9886 9965
7715 9789
9838 2494
554 8400
4937 3438
3650 1242
7876 1123
9431 310
9889 5280
8991 1709
3195 11
3777 8337
9396 5877
1278 8583
3477 5911
8281 2248
2188 6145
7859 7652
2442 4262
6569 1740
54 879
648 4931
1003 5251
2144 5730
996 8483
5614 9731
6406 6299
6326 1891
605 9548
1818 6200
317 7177
9176 8252
6781 7253
7567 8531
6442 8881
1404 6321
7754 3131
6620 6656
5908 1642
7874 2770
6894 3583
5688 1440
3146 4366
267 6080
1650 3531
370 1960
1695 6447
9728 8229
6946 3810
6818 6175
3681 3396
1138 435
172 5312
8642 4909
5242 6766
3941 7705
6123 2219
2437 4749
7477 8071
9490 4631
7658 131
1944 2161
6569 5545
8439 3630
6550 8589
4162 2776
6077 635
6532 4970
9441 6202
1598 5086
7837 5462
4363 1368
5031 8024
4898 3335
3995 5886
2746 6189
7480 9113
8293 7295
5891 4139
6466 445
3331 4776
4398 1839
3657 7488
6958 6928
7568 4569
3923 3241
4125 5536
8370 6539
843 9982
4073 9682
6161 4054
3949 7550
437 2804
1357 3382
4838 2583
9626 1955
8179 3459
9633 2158
7415 7742
2601 4211
1196 5777
737 5268
9997 1341
130 7359
1115 4535
8936 3365
5599 1329
9647 9249
240 9326
9165 687
4737 5597
5442 6436
6628 7564
1015 9295
5594 9439
2127 987
7778 6859
812 3006
4698 5040
2588 9899
323 9918
8375 2831
2843 9535
8614 7065
9390 6573
9101 9507
2504 3226
2506 3503
5519 2543
7811 4028
224 3016
6272 3844
8114 6027
264 9368
549 5705
7986 1831
2731 1216
5920 426
4398 2690
4414 5544
202 3141
631 3235
1668 3818
1540 7773
6557 1930
3426 3720
5839 5300
3956 1585
2412 8113
9557 9178
1265 3518
4498 659
4382 3862
3236 9280
2863 2478
714 1306
9933 49
8278 3361
1228 4478
390 8318
3524 8836
5081 2996
8527 3510
63 9100
8993 7648
1689 2474
7245 4936
2240 2579
2434 8424
7636 9493
8711 8448
1118 9918
1131 3362
9441 1031
8305 6725
793 633
6765 6525
5564 7283
5074 6354
3447 4522
7579 2416
3691 9066
8465 7403
4801 109
656 7412
2550 7062
4931 754
6621 5999
161 9533
7991 1228
2068 9979
6714 7679
3309 9951
2437 8911
9530 242
8836 4649
63 7168
4104 3387
3425 5432
6834 9409
1642 3263
8518 725
6348 9450
4720 3311
3523 6072
3426 383
6906 8408
3826 2424
7423 9022
5219 1535
5788 6658
7989 2718
8275 5116
1066 3430
2024 3697
7220 3428
300 8433
5657 5664
9680 4716
8756 6492
2067 8374
1396 5136
3747 4980
2946 316
5214 9640
4734 7557
3222 2959
4160 7438
1573 160
3107 2389
4055 1224
1922 7602
2051 5887
5033 2235
9171 9845
8503 6494
2378 3511
9613 9476
2367 4864
4384 1750
8967 6800
2848 6050
1475 3673
8306 9883
1154 8096
7361 221
6155 8863
4682 2014
7315 7750
7054 7696
3670 1885
5242 9506
4878 869
1673 5225
2132 8673
5666 3511
9240 2826
1772 6130
2612 4437
7472 8649
1234 6141
6535 9631
5392 2889
5302 5993
4272 3659
7377 9892
1696 5353
9414 9082
5267 5280
7534 5244
7106 9467
1510 5865
5441 8882
6891 1673
8148 4128
3224 11
3969 1298
7871 5421
4348 9758
9133 9868
8445 9562
3921 7015
4086 7759
9432 5152
3041 7611
5300 7001
9470 4018
8378 7933
3445 9656
1997 274
5847 2832
9237 2668
2132 1268
8193 9555
3374 3027
6279 2075
6989 656
8306 7955
9351 9252
7984 4709
1388 8192
5453 2890
8402 7517
1824 14
914 9642
8464 8068
409 4451
7409 3307
8002 7059
3539 2731
375 4645
1589 4328
1075 2633
836 4280
8094 3916
1966 3984
8226 2596
2485 7185
2501 2001
8485 3463
5279 9104
4469 2005
7705 123
2959 8409
7502 7301
8455 9531
219 8628
7345 6749
1264 8311
6485 9215
4464 4273
5799 1599
2360 844
9561 100
2766 337
2596 1018
4736 2973
8018 2352
3808 941
9189 243
4083 7298
7605 75
890 2677
5116 5148
6255 261
3652 632
2809 3285
6881 2744
2236 8739
2725 7482
894 6212
4748 6806
2731 7545
1695 4254
1251 9023
7546 7153
8744 5150
4411 7222
7177 6032
3489 5310
8481 8374
2005 3662
6494 805
8283 5551
2980 6010
3909 2294
687 5149
1740 7134
5476 3291
5089 2934
9533 3931
8770 1928
8362 1845
2808 7060
6578 898
9462 5427
8041 175
8725 5257
9739 7219
4217 9854
6381 4118
184 534
6359 9236
1272 1696
4087 9425
5219 7433
5956 7638
7135 5523
1225 9181
3956 2219
4580 9942
8856 7965
121 9157
6466 6186
7566 7022
3866 7865
8366 4937
6139 7208
1116 8484
7799 9103
734 9217
4766 5509
3370 8679
8422 7620
7210 5568
9145 3214
8743 8279
9543 6426
8526 316
7911 2649
2974 1958
3708 1773
8624 7436
6284 2032
91 4389
3100 2942
5831 400
1336 6413
4080 8315
5219 1623
6489 8694
5735 9043
2364 7013
3617 4264
7940 4075
8042 8857
9686 4046
6422 5638
8404 8550
6472 5638
6675 4461
387 5051
283 5853
8883 7076
5355 3714
1721 3169
5551 2528
1049 3608
3994 2929
9436 7736
3020 7324
5777 8443
9435 4050
1888 1077
4155 4583
3561 151
1072 9938
8422 1997
4306 1163
9016 4035
8435 7778
3346 6593
1053 4035
8996 2754
2331 7580
5415 8039
4727 14
9007 7877
6471 8990
6371 9068
1689 373
6748 3284
317 5618
1348 1395
6464 4240
4512 5984
2927 3779
4771 7280
2781 3761
5544 5793
6956 8708
6241 8804
7464 3552
4831 3585
9297 365
315 3649
1574 6719
3423 659
4867 617
961 3097
1009 7685
8344 8469
4910 6044
7813 1420
1780 7738
8334 2587
682 3175
2996 7676
9122 549
5491 9306
2948 346
19 5718
3246 7453
2377 4688
9943 3348
7203 8140
6677 6079
5011 984
1150 1374
2741 591
6994 3678
9132 3252
3382 2233
2492 4963
3347 8109
393 1761
6228 9424
3068 361
8376 3285
3895 9670
788 1971
3682 4117
2432 9290
4751 9285
9196 7839
3944 3575
6025 7715
1685 3871
4104 3534
7473 3900
5330 8013
2718 7408
8755 5718
6655 5280
7757 8623
9251 5343
2853 7525
5840 9307
7141 8015
233 674
685 8154
6030 9212
1632 1636
5842 6117
9500 1626
6452 2615
6290 8947
3515 7158
3911 4250
801 4428
8865 5155
90 5544
2949 7597
8003 7380
1910 6469
8052 9962
1889 2136
3418 828
4773 3104
6148 4855
4241 1159
8775 9823
5674 1828
8830 8429
8408 7303
3679 2923
9409 3882
6539 9127
5382 6847
4829 1243
2777 1830
492 1910
7777 8150
4227 5631
7228 9910
1610 9518
3457 3511
7863 7118
5816 1753
2971 1633
6540 2884
8226 8702
6878 3844
5974 4126
8638 6302
6009 8085
9491 8821
2178 876
7468 4953
7084 4276
8617 5562
5637 2896
198 157
3840 8107
2776 5352
8258 7495
9326 2116
8457 7159
1250 8578
814 3678
1485 1873
2496 8650
6214 4770
7437 9952
5244 2704
2965 390
6507 9380
7397 9006
3311 4121
2670 5071
7964 8124
284 405
8279 4818
9898 1772
1553 7795
6228 880
3530 880
7924 1795
1334 2531
7773 7498
1411 9033
2520 3795
8317 7653
3693 917
9854 4469
411 6023
9546 1117
2797 5892
8849 9040
7788 4063
1683 1952
2905 5110
1899 9256
3503 3361
4304 5477
4794 4456
193 3789
2509 5169
7578 47
3530 9309
2850 1644
799 2403
3231 1436
8248 2451
3319 9142
159 3677
3188 6534
3530 9608
9476 2657
6891 2344
9535 5006
229 6719
9254 8782
5546 5665
3770 9682
1787 5239
1859 8135
7429 9129
8044 1883
872 372
9319 4445
7918 2494
820 263
7117 5172
1184 5922
7759 6912
2033 6686
2902 3757
3352 6780
1707 8004
9681 2051
5022 5177
6232 1570
1798 3650
9572 6918
658 6584
9184 2407
1068 9450
6691 604
6376 7186
9552 953
1116 3724
650 4080
2327 4632
5308 2718
5454 1469
8347 7787
836 7391
6740 1651
2231 9383
9264 1529
3254 5609
5669 2561
4431 5481
8710 3730
5911 4436
9466 7417
3969 2839
9424 1813
619 9264
265 3592
3750 3523
1689 3038
7568 6371
941 9713
9746 5080
6582 2117
9583 7820
2383 3688
6773 3356
2891 8481
4090 8590
1205 7375
9361 534
9839 1330
5444 556
8566 384
499 9178
2313 9438
4922 4644
608 6112
2100 6270
2343 3132
6854 5538
56 9683
7916 7679
6280 5823
6134 774
9620 9205
2788 2715
736 8835
1456 9014
4885 2123
1741 6980
2170 6392
8736 2389
8744 4023
9420 6211
4868 9786
2844 3706
6636 5167
7018 3335
3262 7230
5695 1
6207 1977
3401 7503
6949 3999
1606 2318
931 8253
2419 3095
7711 9913
7437 1919
6115 3573
482 420
6639 5430
4142 6289
815 7870
6304 8213
3159 2446
5584 4698
4010 6786
1953 9950
5092 2353
7641 4995
5483 7173
7225 348
757 9050
7702 311
167 5139
4215 4420
3638 9582
8107 5021
6134 1576
8632 3579
418 7138
9597 7100
5813 3797
7471 5439
7149 1597
4345 8294
2024 5807
2907 9148
6588 7004
5320 2977
9130 7876
565 8978
3189 7515
7239 7522
7054 7149
1181 9133
4150 5768
1138 8179
5038 9977
7947 9051
9471 6687
7714 8979
4273 6933
9331 7231
494 1755
3578 8766
8728 9553
5855 2300
2081 7449
7202 4441
1899 9800
5956 9035
9669 6715
4616 8231
5809 2515
2814 7477
1470 7491
5765 3239
2096 8426
8697 8932
8369 262
4619 5784
9499 1378
7866 857
6093 2435
1465 6699
8149 8406
9774 7993
2526 1335
2887 9384
5640 2696
976 4134
1568 7576
7809 8966
8909 7092
1835 7985
7960 7410
9226 1163
7794 7572
968 2729
4292 4401
1471 4022
7707 4839
4021 2707
3370 7415
9874 1869
4209 968
7948 2341
1741 451
7373 6431
2240 8777
4406 9769
7272 4629
1088 834
7036 4169
1841 9291
7444 2070
3568 4205
8035 8060
4704 488
4475 4585
9354 1232
5937 8349
8686 910
1458 2722
9968 8070
6340 2051
9101 7923
7334 2074
2858 4147
3981 5842
1917 5382
3851 7290
2152 8271
2835 9144
1443 7966
2970 4152
51 3442
274 4576
2236 7510
2785 6953
2053 5264
2740 273
4467 8961
6486 5498
2544 7104
8173 1861
3417 7129
8743 2163
5110 7894
5908 4175
7638 3565
2764 785
8731 2545
2040 715
280 6026
2082 8472
2728 4980
8534 5171
9071 8477
5375 1638
9562 2360
7912 7094
1093 9699
4014 6866
9312 5587
5055 4827
3080 4997
6553 515
7007 3394
8167 3675
2454 8053
4685 1476
6926 1571
7253 7801
800 2431
3446 8910
1737 5279
9734 9229
6887 3621
8808 4998
2766 1327
597 411
3265 8094
147 7661
5250 9521
2855 3857
1699 8353
2479 1515
878 9537
8448 4353
3802 6935
9286 9774
3874 1587
3964 8505
9875 6070
5082 1884
6435 4045
5823 4241
7578 4625
3654 131
7532 8567
410 2551
3939 1386
9145 4142
6127 8191
3181 1416
3007 3043
4696 8986
4851 7879
2155 1429
2093 9156
8123 4619
4062 5141
2008 8045
4970 5710
2272 1447
1786 9790
7312 2907
9315 9398
3461 5689
6427 6966
1284 9408
7468 7001
5817 2485
402 8407
8297 64
7523 6942
9134 4450
9343 5011
5935 7157
9064 649
1974 3041
9764 2762
1649 7432
9147 8013
5962 3348
6688 8093
3234 9952
5351 3200
1059 8589
6208 847
3920 7304
1416 6430
6162 8498
9676 6049
9098 626
3600 2710
9069 8880
7428 669
320 5327
4114 2290
3430 7323
9967 96
7878 2276
1725 1175
8076 7350
7152 6977
2874 2478
6289 7210
9758 9575
9821 6210
9069 1801
2891 5079
9401 8654
7828 2329
5718 5214
1790 524
6389 3371
7448 5021
2211 8231
4625 7165
1502 7343
3039 7303
1549 6375
9579 7983
4007 8167
8974 7478
2588 4258
3639 8275
4507 4277
7722 6649
2922 9853
1327 554
2425 5956
3677 8034
95 439
7388 1860
4897 6196
1509 2516
4024 1849
5903 6650
953 2542
884 8164
9244 7745
1358 8734
7924 174
1682 9645
7038 6890
6176 8061
436 2432
7051 1642
8605 718
9976 9949
1472 1040
1860 3827
900 18
9919 3013
2172 2310
7526 2493
2682 7990
3215 5364
9354 7385
3655 817
8433 5021
909 8028
4392 2216
3361 7382
9871 4679
3911 6693
8611 1357
4409 6594
4852 1886
8494 8235
6037 4233
3522 2507
5511 8935
1694 9627
5451 4628
7535 958
5191 3283
9436 2430
124 555
4305 2438
8018 921
5858 6972
5779 731
1570 6985
2251 1551
59 7522
3263 423
4224 1514
8694 2746
4243 9542
2766 7394
6238 5302
7631 3562
562 4881
1159 4341
9215 2872
7938 8143
7848 9535
1850 8041
4038 9734
7934 6502
5519 9540
168 5392
7181 7098
9202 2464
2735 9276
5561 5288
4922 615
9540 99
1015 6550
9642 1546
6962 6462
2932 3750
4660 3002
2236 7271
5950 5393
228 6085
9 8036
855 667
4858 9886
9918 3895
7042 2761
2885 2856
7905 6655
9296 9426
9929 7872
3050 886
1368 2241
9271 4204
8782 6926
2497 8094
3587 2458
8337 9628
6808 9367
9842 3660
7414 6677
1314 3460
2679 7855
2991 9311
9329 6280
7611 1617
5960 7956
408 6255
5775 4821
1308 1164
8897 3883
7395 6286
9162 4604
7566 9589
5115 6568
8204 1489
8183 9352
5855 4519
9 4816
9594 502
2659 6422
3860 1406
9383 4397
2515 497
1568 1848
205 4249
7469 8120
7490 5853
9352 5607
4744 9783
6365 3903
5089 7134
605 542
4165 1241
5364 1091
6659 9286
8230 7317
8983 2449
4514 564
603 347
4685 2116
8270 551
4801 7707
5265 2649
6105 5395
9132 6629
5196 6237
8242 4834
7896 1979
3762 763
8688 2947
8492 628
591 3359
4271 8445
7775 8423
2242 9463
628 7599
162 5519
403 3069
4656 394
8821 9206
