10000 10000
5541 6233
1663 7192
1663 3492
435 8905
435 7050
435 738
435 9252
435 1664
562 8941
562 8255
2999 8729
2999 4689
2197 9414
2197 7496
6241 7047
6241 8782
6241 7044
1071 5782
1816 5352
1816 7197
8534 9137
5762 7510
5762 9479
7062 8776
7062 8121
218 3458
218 1359
1743 4630
1743 7329
1579 8542
1579 5675
1579 9643
1579 8322
1579 4282
1579 5384
1579 3574
2051 2799
2051 6939
2051 3312
4455 4564
4455 7407
4455 5503
4017 5612
4017 9225
4017 7235
2590 8348
2590 7406
2590 5626
2590 8983
2590 8016
2590 4797
5732 9744
5732 8017
1636 9462
1636 6915
1636 1761
6619 8381
6619 7375
3941 8835
3941 7570
3941 5132
3941 4315
8203 9197
8203 8638
8203 8620
5750 8754
5750 5821
1659 4249
1659 3098
1659 5432
1659 4464
1659 5316
1659 8742
5213 9582
5213 7573
8113 8510
3908 4794
6820 9543
216 8377
216 9484
5824 9558
5824 6734
3590 8218
3590 5484
3590 6954
3590 5468
3320 6224
3320 8732
6317 6954
6317 8916
477 2746
477 5101
477 5415
477 1887
8893 8930
3523 5977
5038 7098
5038 9311
5038 5207
1562 8667
3150 8238
3150 8328
3150 6886
5479 8643
6671 6694
8458 9550
209 981
209 856
209 4639
384 3456
542 3105
542 2317
542 7982
7817 9238
3848 9070
3848 7567
3848 8404
1286 1470
1286 3611
1286 5346
1286 2233
3370 6690
3370 9896
3370 8568
4499 5906
15 5453
15 1094
2251 2825
1424 3316
1424 5167
1424 8861
2691 6235
2691 3677
2691 4988
4113 6124
4113 8939
4313 9324
4313 7198
2071 6644
2071 9730
4650 7742
5966 8438
5966 5967
5966 7654
4222 6903
4222 7932
2532 9517
4507 6542
1272 9999
9660 9822
4849 6631
4849 9218
8173 9911
8173 9295
3993 6150
3993 4309
434 9527
4326 9638
4326 7866
563 7474
2906 4383
2906 9480
2322 2343
2322 4134
4999 6597
4999 7524
4999 8683
1996 6409
1996 7508
1996 9479
1529 8228
1529 6190
1529 8727
4024 9678
7468 8387
7468 8886
3667 5516
7433 9267
1118 6824
4260 7593
4260 4541
6058 9017
1149 7703
1149 6384
1595 4502
1595 8734
3060 4877
3414 4284
3414 5195
514 5888
514 5022
4372 6414
4372 7309
475 5661
475 4164
475 3633
475 934
2725 6744
2725 3832
2725 5870
6739 7105
6739 9492
5616 6619
5616 6957
6415 8152
6415 7235
2508 8914
4322 7108
4322 5254
4322 5608
890 1837
890 940
890 9490
890 3308
3005 7133
3005 7547
7188 7882
7188 8141
2743 5534
2743 8759
2743 4067
5629 6112
5629 7062
571 9836
1140 3656
1140 2809
1140 3174
2346 4884
4534 9892
1363 8810
1363 4421
1363 5349
1363 6807
1363 9947
1363 5108
2757 8028
2757 3114
6528 8010
6528 9332
6528 8990
2392 6999
2392 8233
6583 8887
1587 7413
1587 5275
3176 5856
3176 6491
4995 5674
4995 5148
177 1307
2816 9823
294 6173
294 4286
294 9072
294 2405
294 2540
294 8620
2219 4944
2219 6400
2219 5918
3846 8286
3846 7078
3846 5128
5043 5769
5043 6796
5043 6107
5043 8114
6814 7146
6814 6997
6814 8761
730 7255
730 9775
730 7869
1094 1375
1094 8010
1094 8044
1094 4991
1094 5115
5212 9701
5212 9133
7278 8258
7278 7561
5219 8978
5219 9013
5219 7824
7148 7379
7148 7524
5804 7138
5804 9629
1395 2959
1395 7139
1395 6268
1395 5858
176 3221
8828 9919
225 9408
225 8258
225 2393
225 8640
225 6363
4924 5683
4924 5824
4924 8657
3883 9691
3883 4690
3537 5828
3537 5802
3537 9286
8954 9244
720 1765
720 8174
3311 7343
3311 5281
3430 6931
1513 8176
1513 9240
1513 7207
1513 8511
200 2353
200 2237
200 7760
220 5840
1007 9150
1007 2296
1007 3275
2799 3663
1781 7812
642 4308
642 8861
642 8051
642 7486
642 2919
8194 8568
8194 9280
3589 7517
4729 9545
4807 8823
3362 6860
3362 7246
4264 9047
4264 7379
786 7574
5678 9495
5678 6687
5678 8755
7594 9655
7594 8555
2171 5619
2171 7537
1187 4157
1187 9164
1187 2258
1187 9671
1187 9682
1187 5702
4350 4941
4350 7476
4279 6282
4279 9670
3098 9400
4516 7620
1752 2657
1752 2221
2462 2667
2462 7271
2462 8856
944 9650
944 4357
944 7114
6685 7530
764 7222
764 4208
764 9673
7210 9728
7210 8511
2711 7058
2711 6192
2711 4617
2711 9655
6966 7211
1641 8601
2823 7557
5909 8136
2434 7863
2936 4872
2936 9377
873 8963
873 8745
1160 7544
3553 6052
7559 7570
3765 8650
3765 7839
3765 7910
7035 9052
7035 8566
2705 8901
2705 5033
1801 6752
1801 7550
1801 4890
1801 4659
4080 9100
807 7974
807 3292
3323 6681
3323 5570
3440 4579
3440 5740
1739 3962
1739 6721
6550 9183
1294 3849
1294 9877
1294 1312
1294 4583
851 6652
851 6592
3528 9552
3528 9223
5309 6459
3462 6220
3462 6450
7187 9545
6189 7042
9087 9973
9182 9796
4968 6668
4968 6088
87 2101
87 2798
87 9753
87 924
1150 7522
1150 5931
1150 1943
3738 4431
3738 5789
5774 9993
5774 6028
5774 8150
1376 2863
6114 7536
2535 6494
999 3837
999 2559
999 8584
999 8955
3246 8220
3246 3712
3246 3519
3246 4706
3246 6753
1697 6773
1697 8416
1697 5231
880 8097
880 8890
880 7026
678 3595
678 8764
678 5146
678 7256
555 1848
555 6545
555 8189
1156 6971
1156 3589
1156 9626
5369 8405
7768 7879
7768 9685
1521 9879
1521 2108
1521 8903
5496 5659
5496 8060
8382 8508
8382 9555
3185 5513
3185 5477
3185 6290
3081 8004
3081 4261
3081 5183
3081 4577
828 2388
828 4540
828 4267
2768 4993
2768 7822
1479 4199
1479 7725
1479 7426
1479 2418
3148 8244
3273 5936
602 3387
602 1428
602 9743
30 8399
30 4659
2780 8339
698 6129
698 4010
698 5922
698 6331
698 2218
8919 9700
6589 9518
639 2417
639 3656
639 7840
639 4515
6765 9072
6765 9512
7470 7473
7470 7952
7470 7974
855 2593
855 2561
5096 9039
5096 8764
674 1169
674 4335
6055 7006
6055 8103
6055 7551
5381 7383
7961 9931
1916 2453
1916 3060
1916 3898
1916 6462
5116 8787
5116 6876
5116 8490
5116 5341
6915 7786
6915 9749
6915 7638
1509 8237
1509 3178
2307 6278
2307 5801
2307 3939
6944 8540
1734 6799
1734 2901
1734 7407
1734 5802
8574 8850
2437 7850
8577 9965
8577 9020
5596 7795
5596 8598
7285 7534
7285 7504
1737 9351
1737 4608
889 9819
889 1004
1490 7371
1490 7310
1490 2558
1490 8666
3017 5341
2681 9237
2681 4204
1386 7092
1386 9698
1386 7063
1386 8315
8797 9817
5683 7165
5683 9066
5683 6498
238 8375
238 648
1561 8182
1561 7097
1561 4763
1561 9765
7867 7978
3647 4488
3647 4448
4904 8140
4904 5065
6932 7961
6932 8043
2059 5154
2059 5545
2059 9548
242 9891
242 9174
6054 6220
6054 6471
6054 8257
6054 8369
97 3729
97 6993
97 6573
97 5278
3780 7296
3780 4559
3780 4477
3780 8345
2603 9169
2603 5304
2603 6672
2603 6005
2603 4251
1093 6671
1093 3647
1093 8374
1404 3125
2024 9688
2947 7111
2947 8932
2947 6668
2947 7052
8119 9747
4901 6330
4901 9531
2185 5326
5578 9362
5578 5595
7678 8136
1098 1778
1098 6874
1098 3799
1098 3705
5189 5926
6212 7066
4655 5789
4655 9163
7547 8037
428 451
428 9742
305 5449
305 1648
1230 8997
1230 1521
1650 9573
1650 9314
682 2884
682 7022
682 7888
672 1513
672 1517
7004 8181
6681 9281
3549 4763
3549 8191
4775 9461
4775 6938
2394 9340
2394 4491
7303 7576
9698 9867
8737 9055
6034 7856
3701 5777
3701 8932
8859 9855
8859 9041
1536 2775
1536 8966
1536 7335
4946 5735
4946 9903
3536 9299
4850 7481
4850 8672
4850 6261
7799 8430
3248 7485
3248 3273
2925 4882
2925 6949
2925 6214
2925 3060
6225 8276
5471 6053
466 1248
466 1417
466 5829
3788 5041
3788 5103
333 5875
333 7825
333 4287
3965 6642
3380 8734
6519 9147
6519 8652
6519 7947
2829 4355
2829 6490
2829 2867
6393 8785
6393 6779
2284 4578
2284 9214
7739 9890
1285 4072
1285 8091
1285 3618
8652 9148
8652 9302
5125 6099
1838 3218
1838 2285
1838 7472
1838 4958
5129 9386
2966 5603
2966 9668
971 4092
971 3842
7027 8686
2242 3344
1688 3314
1688 8575
7141 8445
7141 7990
3801 9530
4634 7927
4634 9405
4634 9021
4782 7650
4782 8289
1246 9502
1246 9184
1246 4316
1246 5868
3789 4424
3789 5296
3789 6519
1244 1314
1244 9256
1244 8503
2169 5946
2169 7737
2169 8630
1151 7932
2515 4243
2515 5329
2515 6786
1652 6595
1652 1829
1652 2300
5956 6245
2607 5550
2607 5510
2607 5710
2607 2620
411 5834
411 2764
5597 6682
5597 9599
166 5918
166 4570
166 9557
1764 3055
2301 6999
2301 4247
3275 7042
3275 9032
2334 5435
2334 6872
688 4083
688 3414
688 3383
688 6113
1500 5715
1500 4022
1500 8567
1500 2330
326 4099
326 4883
326 7568
326 4142
2688 5695
2688 5790
2688 8896
2688 8475
2688 6833
2688 6389
2688 6950
2492 3585
2109 6874
2109 9502
951 1073
951 7371
1777 2462
3142 7258
3142 8452
3142 5702
3142 6906
3142 6025
1680 3231
1680 4480
398 3500
398 5862
398 9184
1023 2860
1023 6424
3324 6168
3324 7022
3324 8435
1326 1391
1326 5614
3170 8136
3170 7459
3170 7721
6688 6939
6050 9569
437 937
437 891
2826 8449
2826 8885
2826 3879
2826 4959
2826 3513
2597 8329
2597 5504
1730 8865
1730 5805
1730 8389
1730 5495
1730 7420
809 3097
809 6376
809 6830
809 8093
809 9452
809 8648
6565 8315
387 8484
387 3391
387 6840
387 1124
387 1829
3126 5382
3126 8420
3126 8424
3746 8310
3746 6316
3175 5676
2474 5174
3540 5142
4085 4157
4085 8745
399 2694
399 9120
399 9082
4087 6875
4087 4226
5373 8127
5244 6487
5244 6032
5244 6075
859 1461
859 2678
859 7827
194 2445
194 941
194 8084
194 4061
194 6748
194 6072
3895 5057
1665 8669
1665 7347
1665 6662
7779 9878
390 3745
390 4995
390 4233
2383 8846
2383 9601
6327 9961
6327 9029
6327 7740
2534 7775
2534 8523
2534 7210
2534 7561
2534 6283
2020 9836
2020 4423
2020 3713
452 2255
452 3206
452 6821
4197 8619
1180 8099
1180 4800
1180 4313
3344 4904
3344 6525
130 4636
130 4085
130 7070
130 9933
130 1195
4219 5585
4219 7485
3342 6218
4103 6192
2637 6491
2637 8305
5426 7703
5426 8708
7938 9875
7938 9694
6827 7419
6827 7236
6846 7877
6846 6975
6846 8107
4417 9300
4125 4881
4125 9339
4125 8579
5863 8190
3123 8118
4467 8459
4467 7128
2321 5369
2321 8204
2321 7321
5500 7425
5500 8471
5500 5521
5500 7128
6720 9597
2849 9297
2849 9985
2849 3081
2849 5828
5398 7964
4585 5660
4585 9769
4585 6877
4585 9363
4585 9890
519 2823
519 714
519 6107
2758 4062
2758 6046
5807 8545
5807 7056
5807 8759
1251 1666
1251 2611
1251 8200
3052 9348
3052 9729
3052 9210
3052 4075
4098 4737
4098 8657
2782 7846
2782 7270
1384 1870
1384 7964
1384 7942
2043 9907
2043 3450
2043 5525
4548 9232
4548 6130
4054 9914
4054 9293
8048 8945
5408 7538
5408 7731
5408 8849
6757 7641
2891 5723
2891 9939
2891 7966
6086 8188
4025 5212
3274 4055
3274 4268
1530 3373
1530 9808
1530 9418
1530 5067
1530 8313
4060 6665
4060 8384
4060 7351
383 8559
383 1131
383 4840
5017 8637
5017 6209
766 3729
766 3073
766 5758
292 1119
292 6782
292 5753
8320 9022
2732 5881
2732 5203
2732 5292
4682 5139
4682 8277
2244 3116
2244 4422
2244 6940
7888 8887
7888 9661
7888 8984
7888 9913
7370 7593
7370 9767
7370 8935
7370 8186
7370 7430
3445 7789
3445 4991
3445 5300
1237 8395
1237 7599
1237 4396
2933 5616
2933 3455
2933 9336
654 6343
1254 5160
1254 6495
3677 9752
3677 5101
3202 4853
3202 4309
3600 8061
3600 4268
2258 6786
2910 6362
4778 6455
2934 7909
2934 4518
2934 4595
1129 4117
63 7978
63 4814
63 4508
6866 9247
448 5700
448 3840
448 950
448 1820
814 8814
814 9602
814 2146
814 5750
138 3633
138 286
138 6146
12 6923
12 3016
12 71
12 2239
12 5450
362 1077
362 8370
362 9535
362 5834
4804 8184
1887 3357
1887 2620
5217 8769
5217 9031
5217 5787
6392 7918
5022 8772
1134 9607
1134 1736
1134 9257
6361 9426
6361 8208
261 8091
261 6211
8041 9946
8041 9287
8051 9190
6943 8255
6943 9558
1157 3811
1157 2858
1157 1561
1157 3993
1633 9381
1633 8493
1633 6895
3400 4407
3400 6305
4506 4591
4506 7074
7398 9846
3413 6498
3413 5353
272 9566
272 6517
272 3627
272 964
5341 6373
2699 5305
2699 6482
3694 9511
1684 6287
1684 6200
343 9986
343 2549
343 2900
6218 9849
174 868
1015 1833
4934 8631
7789 9046
7789 9858
6838 9441
6838 9636
578 929
578 6733
2615 6463
2615 8218
2615 9519
2615 5498
2654 6550
2654 9686
2654 5428
3603 6615
7623 9712
1900 6338
4400 5800
1389 6150
1389 8786
2900 5537
2900 3390
2900 7548
1440 7989
1440 2872
2365 6387
3067 5193
2531 5657
2531 4868
2531 4972
4309 6568
280 859
280 5005
280 1994
280 5446
692 3569
692 1838
692 2077
692 5361
692 4091
886 2442
5194 8075
850 2126
850 9453
6079 6161
5604 5959
8415 8522
8415 9488
4442 8701
8578 8822
8578 8775
1630 3508
1630 9346
1630 9544
1630 2511
3855 9309
3855 8942
3855 7522
2002 3619
1259 3512
1259 5508
1259 5139
1259 4698
5436 9937
5436 9305
4586 8442
4586 8192
6500 8015
5101 9176
5101 8959
5101 6146
5821 9260
5821 9226
1435 7890
1435 7173
3162 4715
3162 3382
3162 8802
8180 8960
1091 5892
1091 2138
1091 6403
1091 2853
1091 4775
1336 8510
1336 3987
1063 1864
1063 2433
1063 5077
1063 4057
3090 6832
3090 3329
327 6351
1836 3077
1836 9609
1836 2195
1578 2338
1578 4801
6491 7191
6491 9745
6491 7672
1840 7770
9321 9912
128 1244
128 526
7205 8905
7205 9842
6607 6907
6607 8055
4336 5342
554 787
554 8132
554 9996
554 7866
554 4107
3685 9066
743 9011
743 2724
743 891
743 5833
6326 8366
1354 2819
1354 1931
4353 8152
3402 5049
3402 5409
977 4030
977 1795
8607 9691
1375 6478
1375 6753
1375 1558
711 4013
711 3680
3732 5950
2645 4520
2645 3501
2645 3521
2645 7764
2645 3975
1718 7064
7775 7943
7775 9341
521 4942
521 1194
521 4725
6199 7356
6199 9271
3040 7498
3040 5019
3040 7484
2835 8750
4144 8390
3369 6911
3369 7345
6125 7028
7480 9685
7480 8271
7480 8274
4723 9616
1316 1634
1316 8728
1316 3968
705 2148
3071 8679
4497 7282
4497 8163
4497 7346
2133 8932
2133 8359
6493 6851
5874 7366
5874 7717
470 4568
246 2593
1044 5645
1044 4552
1044 4539
2953 3520
2953 8084
2953 5428
4240 8128
4240 4919
3981 6354
1758 6818
1758 2418
1655 7536
5187 8854
5187 7521
5187 8723
7525 7855
4398 9460
4398 7622
6198 8075
6198 7220
1171 2534
1070 7987
1070 5561
4187 5661
4187 4720
4187 6014
2460 9337
2460 4922
2460 5388
7694 9998
1541 5610
1541 6475
1541 2276
966 4920
966 5411
966 1886
966 6616
7747 8360
7747 8318
6648 9493
6477 9598
6477 9129
968 3579
968 2834
968 8420
6067 7245
1198 4517
1198 8673
1198 3043
1198 1369
1198 3749
4766 6096
4766 5683
3522 9430
3522 6880
3522 7985
5286 9464
5286 8181
7968 9621
7968 8035
459 1301
459 2729
4805 6608
4805 5552
4917 6542
4917 9627
4917 8103
4917 6048
182 2139
741 2615
741 7472
741 2055
4949 9143
4949 7925
5169 5344
4036 5751
2428 7926
5099 7745
3026 7907
3026 4764
5434 9121
5434 6274
489 2331
489 9505
3832 6731
4047 6001
4685 7146
1233 4855
1233 9834
1233 6055
1549 8470
1549 8153
4294 7347
4294 5402
4294 6858
2718 8164
3837 4223
3837 3918
1391 9763
1391 9751
847 8958
847 8700
847 2766
9 6527
4177 5757
4177 6904
628 4711
628 3898
628 6684
628 9324
628 9275
628 9618
5114 8575
5023 8404
5023 7613
5023 7254
5023 7471
5023 6888
5023 6213
2704 9886
2704 7674
2704 8037
2704 4174
2704 7894
2776 4766
2776 9901
1228 3007
1228 8561
2696 4625
2696 6521
455 2186
455 3543
455 7487
8533 9085
8533 9264
1482 5242
1482 6926
3763 5943
6700 7418
6255 7797
6255 6431
6255 7590
6422 7368
6422 9693
2368 5819
6634 8882
6634 7189
1608 5463
1608 3135
1608 4124
5684 6650
5684 8355
3101 6550
3101 4214
3101 4316
7645 8469
1856 4146
1856 7078
1856 8614
1995 9352
204 7844
204 4981
204 1213
2755 7760
2755 3454
3512 4834
6277 8686
6277 8822
6277 7680
144 603
144 4470
144 4571
4198 6917
4198 7149
4198 8984
4198 7731
5620 8468
5620 8538
2901 9945
2901 6420
7044 8086
7044 9954
4363 7745
685 9704
685 9793
685 3158
6283 9728
3080 6527
3080 8776
5402 9996
6452 6928
3226 6802
3226 3921
3226 7196
3226 5491
7738 9876
5559 5818
5559 7457
7966 8131
633 4085
633 3156
3070 5127
3070 9215
3070 9260
2878 8248
2878 8420
7639 8201
534 6883
534 839
534 3132
534 2974
3534 6189
7351 9724
7351 7436
7351 7853
1640 4121
1640 8699
1640 6256
1640 3197
2447 3996
3637 5095
1844 2412
1844 7632
6877 8620
6877 9494
6877 8144
5999 8225
5999 9432
5079 9413
5079 5913
1138 5775
4983 8050
1975 2684
1975 4747
1975 2453
1975 9503
1051 2195
1051 5399
1051 5215
1410 6606
1410 3103
1410 4439
1410 9757
1410 7761
1410 9488
2917 8263
6396 9153
352 6128
352 6536
352 9959
352 9178
257 5393
257 6899
257 2610
2677 6765
645 2482
645 1087
5044 9641
5044 7132
5044 5517
5044 7457
820 9212
820 3657
820 9778
820 5575
2400 4438
2400 6282
2400 6425
4873 7109
4873 6747
879 8503
879 6675
879 4176
879 4029
206 3290
206 7071
206 5079
4981 6753
4981 6129
2957 3070
2957 4468
3466 5867
7905 9860
7905 9221
3823 6398
1473 2017
1473 2423
6194 8451
6194 6319
2026 5905
3486 8862
4038 7438
4038 7054
4038 9492
1224 9635
1516 1836
3761 4959
3761 6752
3761 6308
5756 8517
3010 5131
1954 9341
1954 7840
1954 8477
531 5274
531 6886
531 8299
906 1112
906 6806
906 4275
540 2927
540 6316
540 8815
1255 8914
1255 8183
1255 7738
1255 2178
1255 9602
6921 9377
6921 6934
5965 9072
5965 7950
247 1672
247 8909
5505 8157
4348 7570
4348 8564
4348 8143
4348 6490
876 6566
876 7455
876 3900
5877 9580
2778 9239
5929 8736
2118 9769
2808 3297
2808 2846
2717 8444
2717 6334
6445 6953
6445 10000
5468 9070
7980 8733
1403 3947
1403 3480
3290 6985
1282 5055
1282 4661
1282 8357
2943 3129
2943 5976
3305 7186
375 9504
375 6371
375 6961
375 1978
375 1349
464 8709
464 773
313 5653
313 7777
313 3652
65 8266
65 7235
65 4932
65 1266
7342 9427
7342 8068
5509 6136
5509 9541
4584 9805
180 7207
180 6803
180 8836
180 3676
1972 3693
5220 8458
5220 7576
5668 6383
4452 8095
4452 5172
4452 8895
4452 9248
5646 8419
5646 8318
1245 5627
8934 8945
6242 9046
6242 7717
549 6073
549 1676
5567 9212
5567 6377
2805 8887
2805 8620
2805 8578
2805 9911
2805 9885
1501 5679
1501 1552
1501 4046
842 3867
842 7892
842 2710
7327 7968
7327 7705
2870 4816
454 4899
101 5559
101 5456
3271 9107
3034 9259
3034 5644
3034 6715
7840 9700
7840 8481
5494 9519
5494 7447
3107 3269
8071 9783
8071 9760
2653 6455
2653 7528
3595 7377
6236 7806
1658 6678
1658 6565
3237 4806
3237 5908
1056 8314
4716 4857
4716 7212
4716 7009
3235 5684
3235 8924
3235 6181
4726 9100
1182 8491
2105 5670
2105 2186
2105 7284
2105 9729
2105 3054
5653 7997
5653 8790
4319 7919
4319 7628
112 9398
112 7002
2564 3830
4044 5735
4044 9367
3421 7360
3421 6753
3421 3684
2749 8204
699 5212
699 3941
699 9632
2890 6839
2890 5377
2890 4425
7773 9605
7773 8565
6287 7203
47 1214
47 3830
47 3746
535 3183
4886 8092
4886 5098
3280 8238
3280 4868
1420 8566
1420 9578
1669 8612
1669 7596
1669 4261
450 6670
450 6803
450 4897
450 8884
3376 8043
3376 4619
3376 7556
9655 9981
2438 3537
2438 7740
2438 3137
848 1650
848 5019
848 6962
4286 5913
4286 4921
4286 8199
4286 6757
3277 6041
3277 6802
3277 9707
1978 7505
1978 9713
1978 9895
1978 6740
309 4774
309 9887
309 8437
309 7131
309 1491
4898 7856
4898 5198
1826 3653
1826 5831
1826 5091
1826 7973
5943 8996
2712 2823
2712 5684
2712 9087
3815 5006
3815 9922
6617 9618
2861 9337
2861 4344
2861 7784
952 9179
6777 9705
651 891
651 5374
651 2936
651 5982
1111 3892
1111 7720
3153 7645
3153 6387
4879 7794
4879 5192
3708 5033
3708 9287
3708 7581
3708 5292
5333 6194
5333 5579
547 6048
547 1396
547 5405
4116 5311
3900 7090
3900 8983
6612 7975
7982 8765
3139 7377
6762 7680
18 1714
18 2373
18 4702
18 1545
2724 7486
2724 7033
2724 3384
2724 9315
702 6530
702 8625
702 2049
3686 8507
3618 5729
3618 6587
1218 8356
1218 7349
441 8986
441 3202
3606 8531
3606 6971
3606 3997
1124 4328
1124 9787
1124 5741
1124 9353
1124 6265
1124 2913
1103 2463
3617 9758
3617 4883
3617 9869
740 7477
740 2081
6266 6615
6266 7352
117 4874
3959 9399
3959 4738
8215 9883
8215 8621
345 3465
345 5726
6562 9634
1694 5999
1694 5568
1694 3892
1694 4114
3228 7986
3228 9096
3228 4164
3228 7485
1152 3873
1152 9155
1152 5795
1152 5504
1152 6319
3692 5103
3692 6860
3692 4017
5195 9289
2378 9145
2378 9582
6350 9707
6350 9322
577 955
577 3488
577 2863
577 8863
29 6303
29 9089
1667 4371
1667 5822
1667 4888
1667 2058
3547 4566
3547 6472
2536 5081
2536 9302
2536 9505
5310 9897
2172 8611
2172 3366
2172 5654
2800 9505
2800 3994
2800 6064
2748 5249
1006 8521
1006 3280
2247 6311
1564 8385
1564 1956
1564 7906
1564 6898
1770 9926
1770 5766
439 8402
439 6495
439 9283
439 9613
6045 7152
4202 9987
4202 5125
1478 5088
1478 9059
1478 8186
51 685
4652 7290
4374 7734
4002 9855
3310 3927
3310 3846
3310 8884
2739 6764
2739 9289
2739 3857
7266 8311
4747 6106
4747 5489
245 8903
245 5908
245 6023
245 369
245 2322
1671 6311
1671 4271
160 5691
160 2129
745 858
745 7532
2708 5420
2708 8957
5723 9740
5723 9900
164 4903
5078 5824
5078 9527
8914 8982
8914 9279
3821 7618
3821 3935
4302 4817
4302 5478
4302 5786
2175 7472
2175 7948
2175 8785
4866 8953
4866 8662
993 4961
993 1798
3607 9442
4284 8491
7662 9281
2490 8205
967 3696
967 8333
967 2933
3915 9463
3915 5959
6190 6851
6714 9015
6714 7443
2069 6884
2069 9432
1922 8481
1922 6149
1922 3997
1922 9914
1922 4164
6449 9959
6449 6674
1963 3827
7567 7623
3435 4679
1466 5558
3913 6539
3913 5485
3913 5758
818 8781
818 8145
6986 9627
6986 9501
5813 6299
5813 8020
3299 4576
3024 3663
3024 3461
307 4700
148 8717
718 6089
718 3797
718 4666
3346 6638
3346 7456
5789 7999
1606 5687
1606 6794
1606 8718
1890 4805
287 9720
287 6839
6569 6904
4489 5559
4489 8185
4489 6117
6758 8552
6758 8149
803 4351
803 8695
347 9477
3471 3608
3471 4140
3471 3640
4383 6684
4383 8928
157 4587
157 5303
5306 5893
5306 5475
5306 6728
5306 7069
1496 2187
1496 4774
1496 6771
3609 8214
3609 6173
3889 7830
3889 5574
2047 3814
2047 2582
4270 8388
2672 5717
2672 2984
2672 6541
386 8520
386 4941
386 2642
386 1502
3933 6783
3933 7096
6991 7571
1121 6218
1121 3547
1121 3201
1121 7032
3434 8836
3434 9025
3434 6227
538 8960
538 2836
817 3905
817 3309
817 5598
4491 6122
4150 7027
4150 8856
4150 7426
3774 9396
3774 9897
3774 9350
5553 7478
5553 8614
5651 7965
4440 7924
3249 4692
3249 6481
3249 5014
1778 5205
1778 7174
3179 9512
963 7060
963 3844
963 9463
963 3986
6417 9881
5340 7380
1544 2074
1544 7212
1544 8187
1544 2317
1544 6278
7008 8180
4268 9993
2433 9103
2433 4762
2433 5633
1967 2607
1967 7760
1967 9666
6410 6588
4190 5589
4190 6701
6960 8805
7458 9293
6702 8985
84 1891
84 6512
5347 7217
7663 9500
5403 8873
5403 7394
1584 2330
1584 4618
1584 9221
3232 9448
3232 5868
276 1787
5375 8391
5375 7862
350 5385
350 9852
350 3782
3356 5242
3356 8529
3356 9179
150 7372
150 5486
150 623
1961 4309
1961 6874
1961 6343
8233 9750
8233 8532
456 4854
456 4986
456 6052
7546 9667
5799 7774
5799 8464
274 5774
274 3609
274 9515
186 8798
3934 9329
3934 4636
4005 4316
4005 9640
90 1743
90 4020
2569 4813
3812 5031
4592 5740
1782 2017
1782 5644
6460 8969
8242 8458
4557 7771
4557 5101
4557 7089
6900 8960
6900 7135
3833 8444
3833 7792
3833 4686
6240 9068
6240 7754
1163 5007
1163 9072
1799 8881
24 6269
24 6059
24 2104
4151 4574
1710 6501
1710 2036
1710 3191
1710 8353
1720 6996
1720 9709
3068 7207
689 8200
689 2210
689 2060
689 2329
4323 4613
4323 9853
4323 9332
5407 8223
2895 9788
5881 6468
8005 8335
2671 3588
2671 5805
2671 5503
2715 3022
2715 2922
155 2338
155 3345
155 5473
3395 6909
1461 8122
1581 9612
48 992
48 366
48 9162
48 491
48 178
7561 9812
7561 9462
7561 9889
6490 7151
6995 7478
6995 9060
5900 6894
5900 7290
4875 5391
646 9271
646 5603
646 6093
646 2248
2363 4514
2363 7887
2363 9924
2363 3050
243 5339
243 5486
243 5134
1557 1862
1557 9015
1528 5698
1528 5164
3031 6846
3031 6817
3031 8556
3031 8979
3031 5639
3031 9581
4899 8117
4899 5160
3426 7213
3426 9275
3426 6693
1698 7690
1698 8134
490 4128
490 9676
2083 2861
2083 3763
5147 7867
5147 9186
2014 6355
2014 8774
1438 6260
1438 6196
5535 6963
5535 6533
636 3465
636 5014
636 959
3030 7098
3030 7373
3030 4408
6834 8806
6834 7970
2158 6173
533 2856
533 8265
1017 7940
1017 6181
1017 4812
1689 4384
1689 5309
3542 5697
3542 5379
3542 3690
3542 6958
6894 7021
6894 9831
6894 9355
1783 7073
5280 8212
877 4769
877 6509
2 8417
2 4264
1477 8411
1477 3368
1477 9841
9492 9587
3861 8100
3861 6370
3861 4619
3861 7270
3861 4166
3861 8557
6481 8648
6481 7466
3645 6980
3645 5539
3645 5126
4545 6722
4808 5606
4808 9970
4143 5741
4143 6368
7359 9283
329 2821
329 7349
6941 8129
4539 6915
2980 7471
2664 9793
2664 3761
3343 5835
3343 8273
2761 6594
2761 6970
5839 8156
5839 7717
4369 7355
2995 5503
2995 5562
1309 8208
1309 6073
1779 5350
1779 3806
1779 5163
1449 8320
1449 9899
3186 8929
3186 7390
3186 7349
7494 8510
1192 5892
1192 1879
4295 4462
4295 6115
1870 2819
1870 9049
1870 9640
3063 4026
3063 3113
737 6603
737 6312
737 5304
6525 9253
6525 9765
884 7454
884 7202
884 1375
2491 8095
2491 3562
2491 9275
2491 8295
235 6043
235 7218
235 1263
235 7084
715 8564
715 6841
715 3162
5861 8610
9210 9983
9210 9408
480 5816
480 2342
480 724
480 5727
2361 3041
2361 4529
4953 9490
4953 6797
4668 5971
4630 9499
4630 6634
3328 5278
3328 8077
3328 9536
3328 9545
1310 9202
1310 4692
1075 2878
1075 1243
1075 2078
1075 2719
1223 4212
7133 7701
7133 7225
2143 2839
2143 5641
2143 4720
5654 6355
103 4667
103 2823
7151 8905
3035 3616
1039 5075
1039 4999
1039 7961
1455 9760
1455 8357
1455 5585
5166 9903
5166 9777
140 9145
140 2989
6233 8081
4475 5215
898 5989
4388 9971
4985 7960
558 5189
5963 8305
3338 7091
9284 9901
7283 9214
7283 8765
8260 9400
4744 8374
4744 9524
3916 9821
5869 7334
5869 8840
4956 5438
3485 5115
3485 8940
8719 9675
8719 9168
2914 9545
2914 7812
6511 8136
1780 4302
1780 1814
1780 6843
1780 9517
1780 2731
244 3221
244 4104
244 8101
4382 8774
445 4304
445 6127
445 6395
2009 4599
1289 6458
1289 3090
1289 2997
7441 8587
5860 8824
954 3172
3518 7934
3521 8031
3461 4782
26 1327
26 6013
6880 7895
6880 8603
5947 7098
2179 7068
2179 5714
1962 6457
1962 8408
7454 9070
4471 9827
4375 7586
4375 9632
4375 4567
4375 9814
1127 1176
1127 8558
1127 4228
3695 6260
3695 9089
5962 6303
6274 7996
2837 4244
2837 5352
5803 7488
5803 8112
5803 6750
5862 8255
5862 7908
1787 8853
1787 7302
1787 7489
1787 9990
2620 9876
2620 9133
2620 6551
2620 3727
1368 4298
1368 8240
1368 9730
1661 7667
1661 5670
444 3207
444 5265
4863 5079
4863 7170
414 9992
414 1496
414 6415
1028 7241
1028 9263
887 2312
887 2907
887 3681
887 4149
887 4859
7276 8675
5719 7025
5719 6842
4836 6326
2992 3445
2812 3734
2812 3002
4530 7226
4530 8130
1729 8602
1729 2336
1729 5617
2686 2990
2639 7734
2639 6078
6536 7453
1250 6582
1250 9449
32 3359
32 2696
32 854
3243 6221
3243 8072
6650 7008
3693 3828
1480 4697
1480 2135
1480 2218
1480 4601
1480 9577
5725 8182
1370 4502
1370 6071
119 2745
119 855
8386 8671
3161 6349
3161 8589
2606 4280
2606 5662
2606 7883
2606 3740
2606 9272
5776 8611
5776 8198
1858 4859
1858 8272
1858 9274
4493 4905
2610 5738
2610 9901
2610 8491
4354 8629
6094 9211
5456 9922
5456 5687
1601 6099
910 2581
910 1603
9402 9860
5296 9920
5296 8712
5296 5771
5296 6080
8621 9766
3887 7836
3887 4810
493 3802
493 5065
4694 8656
4694 5668
2599 9278
4147 4661
4147 5743
115 7800
115 6110
862 1797
862 9169
9833 9878
653 8931
653 7549
653 4923
4114 8070
4114 6433
4114 6808
6123 7871
6123 7332
6123 9072
6123 9035
6174 6586
931 3454
931 2019
931 3438
5644 8702
328 647
328 9767
328 1355
328 8053
328 8729
1865 6898
1865 5275
1865 3367
1865 4856
5951 8886
2892 3717
2892 3701
2892 7771
417 2202
417 7964
417 2487
2147 3912
2147 2277
2967 4849
2967 5345
2967 4470
2967 5051
2967 8586
1010 5425
1010 3820
1010 1651
2697 3643
2697 4464
2850 6720
1405 3134
1405 1765
1405 5667
1405 2391
1405 8677
7501 9821
7501 8920
5779 6282
2208 4097
2208 9053
2208 6365
2208 7333
2390 7711
2390 8888
2390 3378
2266 8156
2266 9615
894 1650
5973 7848
5973 6665
5973 9812
2347 9181
2347 6637
8559 9995
195 5552
195 9624
195 6126
4676 7173
4676 5185
504 3737
504 4802
504 9195
5035 6549
1705 5998
1705 5674
3652 5172
3652 9995
3652 9437
1674 4408
1674 7330
3995 7686
3995 5371
3995 8484
3583 6467
3583 9916
269 9456
269 9828
4077 6785
3427 4469
3575 7580
3575 6522
3575 4624
2909 6997
2954 6116
2954 5577
3567 4551
3567 9471
9094 9418
4597 9783
7998 9236
1614 9601
1614 5434
2424 4547
675 2237
675 3048
675 5493
8139 9306
3545 6158
6863 7529
6863 9311
1797 2396
726 8501
2489 2723
2489 3767
2489 9203
2489 4173
2489 6414
6804 9764
7995 8886
7995 9128
6321 6882
462 5874
8785 9374
4670 9484
4670 8740
765 9058
6186 8401
1979 3388
6916 7554
3843 4457
2341 9350
5835 6784
5835 8826
5835 9591
3711 4630
3711 7101
3711 6703
3711 7228
1741 2280
1741 5150
1741 2552
4175 8807
4175 6447
2422 7705
2422 4598
2422 6228
6324 8476
6099 7457
6099 7635
6099 7134
5603 9122
5603 8659
277 6888
277 6774
277 2534
346 8962
346 368
346 4493
4414 9716
4414 4862
2239 2856
2239 7570
2239 7272
2239 4582
2436 5783
3076 8609
3076 4619
4921 6154
4921 6125
3240 8804
1338 4115
1338 1758
1338 6781
1338 3478
1338 7176
7744 9088
4767 6376
7540 9514
2770 4206
2770 7658
1145 8921
7184 7190
7757 9837
6245 8876
6245 6953
311 5240
311 7493
311 7602
311 1345
3256 4034
1795 5111
2828 9190
2828 4002
2828 4691
2828 8878
2828 3839
623 7479
623 5685
2087 9158
2087 7986
5845 7564
5845 9241
5845 6998
3992 5860
5769 9018
5769 6789
4583 4709
3852 4244
1240 8507
1240 1492
1240 2879
5923 9837
5923 8149
173 1782
173 364
1874 2575
1874 8843
8 5282
8 9970
4463 7553
773 3389
2296 4442
2296 9043
2384 7389
5655 8878
7499 8573
7499 8135
3403 6671
3403 7963
3403 8908
1672 3223
1672 3709
1672 9185
1672 1920
1672 8236
3472 6446
3472 8409
3472 5857
2456 7454
2456 7338
6534 8005
6534 8021
6418 8479
6418 7084
363 3275
363 5181
363 7847
363 2442
2779 8473
2779 3491
1726 9549
1726 10000
4425 6513
2985 8841
2985 7542
1373 7695
1373 5864
4461 9676
4461 9104
1220 4891
1220 4961
1220 2774
1220 3774
1220 2856
506 7320
506 3294
506 2270
5571 7548
118 8616
118 5858
118 9832
118 3986
118 1911
3375 8297
1139 8545
1139 2865
1139 7777
991 9059
991 9449
991 8961
2706 6977
2706 2777
2706 9515
857 9914
857 1190
857 7233
857 7879
4009 7851
4009 5673
4305 9725
4305 9795
4305 8841
2398 3162
2398 7761
1357 3363
1357 7960
1357 8390
2216 6805
8543 9840
8543 8726
2908 5720
936 7385
936 6469
3613 4818
3613 3746
3613 7170
3613 9047
1311 2760
1311 3053
869 9629
869 4780
869 5701
869 3927
869 2940
869 9718
2005 3586
2005 7080
5356 5771
5356 7420
102 7932
102 8127
2666 7082
2666 7546
1690 3784
1690 9362
1690 5758
1690 5192
9301 9710
6208 6455
3470 5811
3470 4497
314 893
314 3856
314 6405
1723 8830
1723 5504
1723 8100
1320 6778
1320 2458
478 4495
478 8455
478 4430
478 5919
315 5917
315 8795
315 6174
315 9990
315 6358
5452 7703
5452 9183
5452 6491
3819 6453
3819 8163
3819 7481
6342 7613
5050 7190
5050 5149
1239 7998
1239 7508
1141 2311
4623 9474
5980 6592
3775 5896
3775 4932
3775 7845
3530 3644
3530 7319
4303 9674
2356 7269
2356 6191
2356 3695
610 5460
610 9440
610 7565
805 6014
805 3753
2348 6444
2348 7137
2348 4637
2348 6312
2348 8897
8606 8854
1772 2583
1772 2646
2642 7429
2642 6492
1232 4382
2190 5087
2190 3521
8350 8590
6002 7405
1348 8662
2408 5204
2408 3892
400 5205
400 4112
400 2854
2138 8578
2138 2189
4496 9158
2279 8313
8787 9390
3284 8390
3284 9258
529 3488
3197 6893
3197 3797
3197 8047
1906 5804
920 5048
6970 9225
7825 8252
7825 8244
2369 4673
2369 8709
4434 7676
8656 9357
3689 6033
3689 7036
1657 5563
1657 6169
1657 3383
7423 8613
6150 8663
1965 5505
273 8842
7381 7543
7381 9457
4139 9997
4139 6279
3690 8900
3690 6916
1132 8434
1132 9042
1132 4168
1132 3255
4105 7188
4105 4631
252 407
252 8654
252 1807
5274 7602
5274 5423
1469 2954
1469 7034
5160 6703
1178 2731
1178 8751
1178 3554
5304 7753
5304 6860
3699 7769
3699 9777
3898 5811
3898 5651
4568 7491
4568 4879
4568 6356
7720 8630
1487 4011
3419 6815
3419 5007
3419 8836
4769 7781
2496 9626
2496 9313
7503 8153
7503 7864
167 9226
167 9385
167 8146
167 981
167 1778
149 1746
149 447
161 5287
161 7553
161 1241
161 4187
449 9047
449 3835
449 3225
3276 3746
3276 8143
3276 7846
4149 9118
340 8130
340 1553
340 1586
340 3397
2665 7115
2665 3382
2510 6566
2510 8372
822 1857
822 3306
72 9131
72 9361
72 253
72 650
5388 6046
4809 5409
4809 8503
4809 7200
4809 5853
4809 9033
4809 4851
2354 6622
2354 8983
2354 9284
5042 7493
5042 7011
8019 8259
3809 8449
2819 6979
2819 6521
2819 4711
2819 7239
4266 6317
4266 5961
1394 3683
1394 1962
1394 9546
4090 4994
4090 5953
2426 4635
2426 8862
2426 4180
2426 3673
203 5149
203 4318
203 7320
203 1093
7824 9142
630 2676
630 6522
5763 8332
5763 5941
5763 9093
7309 7336
7309 7842
1683 3703
1683 7872
1683 4513
1683 4810
2001 7480
2001 6349
2001 5344
3657 4886
3657 4222
2403 9980
2403 2951
4556 8736
2572 8062
2572 9182
2572 4129
4334 9521
5026 6933
5026 9891
122 2343
122 1648
122 5802
1388 5151
1388 1950
4990 6339
4990 8198
2189 9835
3286 6156
4342 7381
239 4773
239 8251
5239 7910
7374 9634
8024 8156
3672 6938
3672 6219
3672 3878
5376 6749
5376 9205
5376 6870
2440 4338
2440 7194
366 9318
366 1953
366 3804
2360 4640
2360 5453
2360 7220
5305 9679
2196 3249
1113 2257
1113 6164
6018 6869
5372 7352
5372 8264
4701 7166
4701 6941
648 2049
648 9495
648 5708
205 9343
205 6005
205 7019
205 2431
205 924
205 5067
6118 9381
6118 9710
5227 8983
5227 9498
2359 8740
4235 6330
4008 9785
4008 6538
7229 8249
7229 7516
3903 7769
3279 8688
3279 8439
6779 8845
6779 8749
6611 7361
6852 8076
6852 9116
4715 8582
7804 8121
1414 2909
1414 4190
1364 2946
3285 4092
3285 6944
1627 4840
1627 5360
1627 1955
1627 2193
973 6477
973 5240
2733 5195
6919 8399
6919 8572
6919 7970
1794 8464
2314 4579
2314 8681
5585 6489
5585 8588
282 4351
282 7350
282 6100
75 4889
75 7284
75 2332
3473 6273
3473 9817
505 2463
5031 7482
5031 5339
5031 6126
5031 9825
1089 1542
5393 5616
3599 8837
1174 9371
86 9029
86 5472
719 3033
1120 5284
3253 3451
9089 9341
9089 9288
4134 4973
4134 5674
1699 3730
1699 8504
6003 9734
6003 6685
1378 6510
8503 9342
2659 3008
2659 7606
643 8057
58 3742
58 9160
58 5959
58 6582
1297 4084
779 9286
779 6618
4561 7322
4561 9052
4561 7721
4561 8191
4561 6452
7763 8139
647 8336
6547 7075
6547 8578
6547 9389
2139 9749
2139 3632
2139 8937
7533 8870
5773 9179
4604 7390
4604 8113
4961 7611
6107 6415
6107 8238
7727 9057
1158 4018
1158 3199
1158 2897
1158 6356
4048 6360
4048 5839
4048 5634
4048 5918
4642 5519
4642 6294
146 5133
146 175
1805 6920
1805 6221
1805 8611
1805 3072
4788 7008
4788 4896
527 5476
527 7182
570 5228
570 9939
2103 9842
2103 2596
6793 9104
4169 5026
4169 5262
1909 3316
1909 6836
1909 5517
1909 4721
1116 2539
2295 2558
2295 4080
980 6715
980 7560
4976 7485
4976 5747
3639 9555
3639 7349
3639 7547
3639 8066
4793 9720
4793 7725
8343 8558
406 8431
406 6225
406 5469
3663 4851
3663 7198
3663 5956
2468 4820
2468 8373
2468 8075
1892 2632
1892 9749
1892 3541
1892 6940
1892 8571
5454 9960
2595 3837
587 9221
587 4574
3156 5990
3156 8256
3156 7695
3156 4322
1651 9255
2449 2553
2449 9496
2386 3263
2386 5547
2386 7903
3966 7223
3966 4249
491 4623
491 1640
1313 7376
1313 1688
1313 9332
1035 3034
1035 8182
4571 7091
4571 8419
4571 8835
8351 9365
2994 3938
4099 7651
7635 7810
7635 9720
27 9435
27 4350
962 3862
962 7836
962 8267
4853 5417
4853 7624
6563 8140
4470 7342
3431 9995
236 7521
236 2581
1243 8835
1243 6315
1243 5296
3339 8924
3339 3413
1339 4628
1339 9226
1339 4064
1339 8373
127 4758
7142 7860
7142 7828
2455 8221
474 6416
474 4617
6013 6565
6013 7078
6013 7585
5579 7863
5579 9813
5579 7053
4566 5191
4566 5410
1635 2326
1635 9999
1635 4776
1635 7684
1635 9978
2740 7026
2740 4481
2740 9608
4538 9681
2444 8000
5925 7756
6841 8273
6841 9564
6841 7139
6841 8795
336 9303
336 842
3816 9058
7577 9032
1417 6578
3935 5023
1908 7007
1908 9888
1908 3156
6479 6902
6479 9619
2949 6591
2949 5918
6334 9202
6334 6704
783 859
783 4481
783 4170
783 9574
620 2474
620 3668
620 2787
1920 4466
1920 3427
6176 8481
6176 9739
1701 6261
1701 4322
1701 4362
2207 9422
2207 9064
2207 6233
5018 9249
6331 9002
6331 7470
8460 9236
8460 9700
5902 9251
3231 4564
3231 5497
671 9043
671 2628
2675 8903
2675 9240
484 6913
3636 6620
3636 7114
4296 4391
4296 9456
913 8210
913 7469
8951 9325
3611 5687
3611 4818
3611 4207
5679 5833
5679 6208
5679 7470
6963 9007
768 4676
1912 4896
1912 6989
1912 9523
7032 7414
2177 9163
2834 8885
5183 8709
5183 8636
7660 8655
96 395
5272 9342
408 6957
408 9765
408 3840
408 663
7704 8153
8104 9820
528 652
528 3241
6440 8552
6066 9876
3594 6796
7246 9686
79 6861
79 8818
3519 8480
3519 7179
3519 9021
6796 7061
2553 8347
2553 3150
2553 9199
4182 7653
4182 6265
4182 5514
6201 9628
6201 8524
131 5787
131 7490
4993 6857
4993 9227
4183 7754
4868 9337
4868 5991
990 8905
990 4470
990 7441
990 2481
592 9259
592 3841
3543 6065
3543 8072
2450 2554
8753 9151
4671 4902
4671 9078
4671 8273
832 5898
832 7085
1000 8907
2627 3152
2627 8606
255 4882
255 7234
2441 4836
1484 6905
6143 7653
588 4891
588 1095
588 4144
588 953
3709 9431
3709 7025
3709 7797
7132 7679
7132 9723
1785 5565
1785 2470
1785 6152
1785 2944
469 2411
469 5192
469 2810
469 621
4624 9558
4624 5118
4624 5748
2033 6559
2033 6675
1872 4060
1872 9405
3817 4265
3817 7384
4665 6437
4665 9339
4665 7833
4665 9550
6833 7052
6833 9949
6829 9316
6829 8832
1067 3205
1067 6602
632 9517
632 5601
632 4517
4616 7338
813 6377
813 6602
813 1404
813 4476
7219 9017
4216 6679
6260 9124
1867 4934
1867 5130
467 682
467 7419
467 6939
7063 8329
7063 8482
4259 6288
4259 9231
4259 5215
4259 8831
4357 9321
4357 5089
2257 7569
716 4528
716 4987
810 3782
810 3214
810 9879
3313 3801
3313 8336
3313 8359
4524 6941
4524 5133
3550 3900
3550 5612
3550 4404
3688 5268
3688 8674
1738 3078
4677 8816
4677 8945
5875 6193
5875 9813
2178 5329
4472 7959
1670 9816
1670 7639
1670 6610
1670 7073
882 7504
882 4387
958 7909
958 5798
2115 9823
2115 2850
2115 5654
8694 9154
4966 6709
1987 4029
6437 7643
6437 9154
4795 7635
3804 4829
5240 5293
5240 9941
2077 7968
2077 5991
4798 7288
4798 7492
5149 6115
5149 6421
5149 6696
5149 9200
1019 5528
1019 5917
1019 4079
1019 8853
1019 7596
3725 6881
9740 9936
1238 3127
1238 9717
1238 4316
2585 3955
2585 4218
4464 9036
981 7306
981 2479
981 7468
1685 8057
4786 9825
4920 7115
8100 9160
3911 3986
3911 6584
3911 9482
7089 9458
7089 8810
7089 7346
2222 7869
2222 2463
6823 9425
301 9074
301 5019
1097 7134
1097 5491
1190 9367
2984 8734
2984 8396
2984 8869
6581 8696
6581 8050
6581 8593
2483 4483
2483 5515
2483 3728
2483 8438
4241 7467
4241 8004
5887 8938
5887 8119
499 3770
7215 8461
7215 8293
7215 9298
1985 8185
1985 3447
3626 6523
6191 7027
3977 8029
3977 8988
1902 6075
3640 6583
3640 8998
2529 8870
2529 3716
7109 8254
7109 9068
4300 9163
4300 5614
4300 6227
5351 7008
7375 8875
7375 9358
8061 9009
8605 9726
8605 9197
5106 9098
5012 6064
4092 8844
4092 8375
4092 7160
7028 9584
3866 4658
584 2323
2458 5556
2458 5310
2458 4419
1719 2959
1719 3487
3951 8356
3951 9770
1005 2286
1533 3105
3144 5111
727 2647
727 6739
727 2321
93 1721
9532 9872
7724 7744
4018 8495
4018 8011
4390 6669
6051 7134
3390 7595
3390 6860
5639 8405
6964 9003
2027 9459
2027 9224
5433 7652
5433 6665
5433 6881
1416 4374
2199 3042
2199 8939
2199 6950
1769 6702
1769 4516
8003 8631
8003 9434
8003 9593
6934 7616
1936 3195
1427 5369
1427 6649
1427 8916
1654 4220
1654 3430
7562 7998
1888 9682
2866 6538
2866 9345
99 6762
99 2082
99 9590
99 9229
99 9314
38 1443
3712 5031
3712 8120
3712 8438
3712 5798
4827 8533
1437 6973
1437 4985
3943 4331
3943 8299
3943 4710
1142 6667
1142 6411
306 8474
306 5266
306 5348
306 2265
5062 9339
5580 8599
5580 6304
5580 9884
457 7347
457 2536
457 4189
1956 2493
1956 8035
2371 6857
2371 7418
3625 5017
3625 5580
227 7689
227 7348
227 3305
227 9573
227 3683
2750 9361
2750 3361
2750 8374
2114 6162
2114 2868
1061 1191
1061 3694
1061 1441
1647 8046
1647 3587
3392 9998
2342 8961
2342 8417
8597 9559
1062 1582
4402 8774
4402 7214
3367 9490
338 3902
338 380
338 1582
8568 8697
4378 4929
4378 9089
4378 5118
1971 2046
1971 9002
2093 7073
2173 2994
2098 7860
2098 7317
1055 2531
1055 6400
1055 1287
1055 3514
1924 9531
1924 6175
1924 8528
1087 8387
1345 3941
5952 7054
788 4545
788 940
788 1515
1406 7692
1406 9778
1406 7380
1406 6791
1406 4548
5770 5885
5770 7120
849 4780
849 5273
6314 7848
5298 8530
5298 9679
5298 5680
1270 4510
1270 8977
1270 2773
2463 9538
2463 5757
2463 5885
5165 8141
5165 8098
1439 7818
2298 8185
2298 8516
2298 8773
2298 3629
7258 9299
7258 9913
54 8363
54 6358
1574 3337
1574 1666
5308 5491
3420 3810
3420 9333
3420 3667
1241 4326
1241 7608
5503 6805
5503 8455
5503 5808
1535 8538
1535 7827
1535 7709
5792 6816
5792 7116
5792 9155
567 7689
567 2211
567 3271
4210 5613
1864 9260
1864 3091
1864 9089
7124 7704
7124 9450
2418 8998
2418 9135
2418 7310
2418 8316
2418 9705
2563 7277
2609 5196
9536 9799
3509 8927
3509 5976
3509 8165
3171 9094
3171 5641
883 8909
883 7668
4837 5646
4053 9469
4053 6213
5110 6966
7702 9262
4314 5868
7400 9950
4446 7805
1022 4912
1568 9111
1568 6997
1568 1878
1568 2957
1415 1552
1415 4083
9516 9853
793 4097
2571 6151
4490 7431
4490 9733
4490 7914
1531 9175
1014 9842
1014 3872
1014 4028
1014 1101
1014 4187
1014 8190
560 569
560 7419
560 2948
560 1111
560 7993
560 5437
2539 9027
2539 8792
2539 4866
713 7596
713 8262
713 2704
713 8960
4070 7128
6386 8912
8147 8257
3263 7461
3490 9772
3490 8738
3490 9425
3490 9406
3928 8678
640 3158
640 6336
6745 7276
6745 8855
6745 9024
6610 6888
2863 6261
2863 5088
2863 3954
5682 6928
3266 7358
4644 8493
5128 5643
5128 7564
6736 9693
6736 8197
1351 7542
5293 5491
979 3500
979 6541
1193 3615
1193 1662
7240 7922
7240 9678
684 9988
684 4568
684 7259
4256 8127
1189 8088
1189 2241
3141 6823
3141 7041
2344 3245
2344 7599
6742 7593
5593 9484
5593 6205
5593 8177
419 6548
419 5958
419 2647
419 2811
419 2455
3754 4782
3754 6375
2016 8212
2016 5040
2016 7318
2226 5915
2226 8270
2226 5300
2075 7447
2075 7028
4926 6286
2008 8703
2008 8638
2008 6881
2008 4536
147 1829
665 6364
665 9088
4826 5474
2919 5102
2919 8636
2919 7435
3211 5381
3211 5081
3211 8993
3211 4192
8283 9013
8283 9695
2072 7879
2072 3371
1467 5167
1467 6789
1467 6821
1467 2704
3059 4875
5406 6687
4662 8297
4662 7659
4662 8702
1964 9693
1964 3268
7456 9297
1425 7803
1425 5179
1425 5113
1425 7369
1425 5738
1425 5460
8413 9339
3785 8676
7616 8483
517 2902
517 6791
1004 7439
1004 3841
1004 9354
1004 7252
2205 5762
4852 8825
4852 6758
3580 5588
5448 6361
5448 8350
1617 7633
1617 7431
1617 2045
1617 4597
669 4347
669 6891
669 6639
9023 9657
2872 7952
2872 4338
2872 9259
2872 6382
3257 4850
3257 9205
6556 8757
4673 5398
4673 8705
8327 8669
8327 9646
125 4655
125 7740
125 4100
1914 2757
1914 8310
1914 2076
7930 9818
7930 8622
1385 6560
6756 7720
6756 7973
6756 7562
224 9788
224 473
2495 5867
4760 9373
4760 8084
8132 8542
8132 9652
5507 5852
1921 7288
1921 8740
583 4671
2094 9226
3329 8471
5731 7478
1095 9381
1095 2314
4344 8259
4344 6496
4344 9048
7723 9925
2916 9997
2916 3986
5938 8096
5938 7742
5938 8849
5938 7177
3727 8033
6882 7863
6882 7407
1153 5519
1153 2306
1153 1557
6492 9857
6492 9797
902 8659
902 2662
902 4684
1377 7890
3118 3739
742 8444
742 1671
742 1255
742 8871
742 7616
742 3089
742 1542
2847 7248
2847 4383
5939 8851
5939 7890
8354 9334
1646 8803
3516 7998
3516 4995
95 3485
3755 9044
3755 5500
6235 6433
6235 8823
2548 4836
2548 6737
2548 4163
9020 9604
9020 9991
178 8636
178 6622
178 6343
4403 7443
4558 6654
6551 9876
6551 7674
1016 9969
1016 1540
4960 5542
6207 8769
6207 8357
8673 8753
1932 6971
7887 9959
2879 4763
2879 6062
2879 3609
3834 5860
3834 6350
1196 7996
1196 3060
3025 4538
3025 6809
1154 8734
1154 4409
1154 7614
6014 6064
2263 6611
6732 9698
6732 6816
6732 8076
3568 6598
3568 4713
1925 6018
3601 7005
972 4265
972 4763
1102 3387
1102 9139
1102 1493
1102 4287
5572 8759
7617 8446
7617 8998
7679 8005
4428 9886
4428 7829
2128 3068
3881 7260
5883 9544
5883 6168
1447 4492
1447 9357
1447 8319
957 4963
6661 8440
4110 5893
4110 4900
4110 5182
7418 9850
3952 3999
5269 6309
222 6856
222 9457
4312 5576
6152 8553
8882 9982
6778 7544
6778 9839
6778 9162
3614 4103
4543 5060
5566 9932
5566 8916
5566 6202
530 3745
530 8136
1590 8190
3924 6129
3924 5326
3924 9408
7835 9620
2575 8589
2575 6855
4397 5636
941 2461
941 1624
941 6256
941 6203
941 8250
9265 9575
476 3443
476 6574
6872 8691
510 7948
510 2985
510 5909
928 1158
928 3012
2291 7933
2291 2502
4967 6960
4040 9083
574 5334
574 6441
574 5695
1526 9288
1526 4021
358 6887
358 3722
2538 4608
2538 4355
2538 5718
2538 8083
1107 8162
3578 8018
1012 5074
1012 4556
3095 5822
3095 7066
3501 7502
3501 3509
8730 9984
8730 9717
2164 8884
2164 3617
3906 9991
3074 8865
4797 4979
3620 4906
3620 9810
3620 7058
3620 9654
655 791
655 1366
5672 7974
5365 6477
5365 8622
4622 5012
8082 8866
930 5002
930 4177
930 8319
1871 6078
1871 7400
1871 2285
790 9742
790 1952
790 8952
6047 6622
5122 6979
5122 6207
3133 4619
2747 6322
2747 4969
912 9733
912 4729
8589 9895
2275 4511
2275 7226
1021 9141
2431 8654
2431 6217
2431 2473
3828 6225
3828 7763
2253 5972
2253 7624
2253 5979
2253 5373
2055 3404
2055 8186
2622 2854
1382 9792
1382 9727
4923 9134
3476 8779
356 6239
5435 7703
5435 6817
5435 7354
6372 7345
502 3985
502 8353
4164 5808
6029 8431
6043 7352
6043 7606
2791 3954
1331 9306
1331 7745
5397 7366
5397 9856
7830 8816
7830 9215
802 6958
7 5047
7 7801
7 2394
2241 3457
2241 4013
2241 2749
2241 2551
2241 5607
5224 7006
5728 8777
5728 7734
5728 6569
5544 6252
6587 7028
6587 9589
6040 9399
6040 6285
1940 8672
1341 9067
1341 7907
1341 2289
1341 4669
1991 3743
1991 3914
3083 5009
3083 7220
3083 4072
3083 8052
3707 6489
213 4050
213 5056
213 6112
213 5098
213 1696
6770 9229
6770 8851
6766 7309
2333 6424
2243 5867
2243 8628
2243 5551
2243 5833
4239 7565
808 3373
808 2172
808 8551
1462 1493
1462 5691
1462 7011
3014 6884
3014 6748
9197 9843
854 3154
854 5388
3721 6437
3721 7174
3721 7742
3721 5164
3721 6817
1695 3529
1695 4452
1695 6105
2056 8563
2056 9425
3561 7793
3561 3722
1104 1474
1104 2766
8677 8856
1935 3631
1935 3331
1935 6548
1935 4539
1960 3124
1960 3109
320 5509
320 327
1209 8271
1209 4020
1209 6277
5920 6595
5920 6531
782 5493
782 1927
782 6195
5 8433
5 1307
6920 7303
2015 3638
2015 7373
2015 6772
722 1590
722 5989
722 9200
9388 9744
391 3173
391 7011
391 8104
8905 9117
1358 8387
1358 7976
3871 6540
330 1633
330 9855
5450 7807
1436 6166
3504 5257
3504 7737
3807 9665
2674 9957
2674 4109
1426 3321
1426 1809
1426 1678
3399 4796
3399 8001
3399 7231
1802 7426
1802 7468
1802 6938
355 8072
355 9148
2918 8523
2918 5260
2918 6168
2918 8790
750 1762
750 7643
5131 6177
5131 6684
8987 9296
4082 4097
2657 8732
2657 6635
2657 7256
2657 8719
5661 5728
6001 6553
6001 7379
6001 6913
1280 8120
1280 2151
1280 1875
1280 7732
2276 4337
2276 9115
6037 9165
7007 9332
2825 7858
2825 3362
2825 8959
2825 8568
2825 7415
8494 9870
8494 8936
6625 8622
6625 8021
4984 5097
7599 9002
7599 8478
7432 8333
1125 7294
6424 6816
442 6959
442 1985
442 6125
1933 7405
1933 2758
1933 5135
1115 6351
1115 2257
44 7499
44 7359
3239 7059
3239 4450
6839 7934
6839 9372
1197 6985
1197 6774
53 1170
53 9453
53 4890
53 840
2763 4184
2763 6889
2763 6109
5761 6261
7703 9720
4466 6765
4466 5349
4466 5340
4100 9132
4100 8997
7410 8414
3587 6650
3587 4923
1362 5549
3715 3782
3715 6589
3715 9333
3003 8534
1602 6248
1602 7969
3119 5099
3119 9278
3119 9463
3119 4495
4271 8293
4271 7507
5690 6258
2267 5264
2267 8162
2267 8107
5056 7694
4178 5191
4178 4401
4727 6917
4700 8571
7102 8956
7102 8367
5647 9154
5647 8973
5489 6256
2904 4409
2904 3099
2904 7780
2904 9983
964 8238
964 1639
964 2946
964 2372
3771 6393
7565 9299
580 5552
5137 7284
2150 8278
5302 6069
5302 9944
1993 6688
3130 4215
3610 8911
1973 8038
5754 7240
5754 9154
5754 8215
1179 5428
5246 9258
4204 5899
4204 5267
4204 6989
5924 7915
5924 9096
7953 7961
7953 9913
1307 4722
1307 3356
9318 9930
2694 5081
2694 2880
3986 9647
5025 5136
7515 7600
3203 5109
3203 4483
8601 9865
9228 9791
5941 7583
5941 8989
1677 5879
1677 2045
62 9884
7874 8748
4783 6307
159 1461
159 8266
7001 9376
7491 9004
6035 8955
6035 6782
431 2775
431 4825
431 7739
1966 2177
1966 6848
3195 8369
3195 4307
3102 4793
6558 7677
6797 9481
1325 4898
1325 9356
3498 7895
3498 8456
3498 3948
7472 7917
1011 5708
1011 7356
7287 9758
7613 8857
1656 2196
1656 8697
1656 4964
5366 5830
5366 8080
3605 8132
579 6530
579 7029
579 5855
579 5347
1999 3731
1999 4478
1999 7129
899 4025
899 7043
2281 8340
7150 7234
7150 7657
7150 9003
5323 5404
2331 9066
2331 6285
2941 8886
2941 6600
2941 7459
2941 6725
2941 4728
4552 5081
4552 9250
6071 9572
1997 3966
1997 7526
6896 7248
8708 9790
6854 6902
8477 8873
237 4100
237 1950
1895 5048
426 8710
426 8234
5558 6474
5558 6401
5558 7861
7136 8103
7136 7633
7136 7317
7136 9151
776 7103
776 3675
1082 2671
1252 3259
1252 9293
8485 8500
5437 8258
5437 7160
1556 4017
1556 4286
1556 5324
1265 6909
1265 8360
1265 4047
1265 5232
1265 4187
6847 9710
2010 8025
2246 5826
2246 5029
2246 7633
2246 8768
5978 7514
2225 7632
2225 7247
2225 7326
2225 5915
6747 8408
2846 3867
830 1922
830 3401
830 6308
3145 8322
3145 8254
5854 8302
5854 8230
5854 9160
5854 7115
1722 3674
4004 7220
4004 6184
8865 9037
3628 5223
3628 7257
3628 7734
5265 6294
2415 4471
4756 5397
5053 7046
2841 4026
324 8988
3515 3867
3515 4723
3515 8833
334 9815
334 7378
3990 4608
3990 5930
3990 8182
4132 4961
4132 4759
4132 6324
5414 7834
2605 6912
2605 9393
2605 6297
98 6047
98 948
4233 9681
4233 4838
4233 7843
4233 9288
3352 7172
3352 9970
6709 7970
6709 9819
8517 8837
2509 7264
2509 7493
3355 8873
6499 7514
714 8393
262 2712
7952 8091
7952 9068
7341 9446
1216 4500
1216 7273
8608 8652
3840 7830
3840 8124
6369 8576
2338 9261
2338 9346
9157 9605
8566 9797
2401 6504
5208 9943
1868 5613
1868 5577
4120 9324
4120 8767
2617 7687
2299 5953
2299 7601
2756 9319
3988 7114
3988 9987
2252 6869
2252 5042
1049 9678
1049 3031
4181 5604
662 1187
662 3132
4845 7256
4608 7564
2149 6224
2149 9599
2149 5549
2987 7850
2982 4219
2982 4920
3954 6743
7247 9757
7247 8606
6420 9690
7225 8866
7225 8367
124 9520
124 8775
124 5119
124 5667
124 1662
4423 8205
4423 6738
4423 8938
2619 8365
2619 5570
6809 8119
192 8140
3925 6464
3925 8976
7766 8039
568 6664
568 7493
568 5404
6761 7972
6761 7783
4012 4137
4012 5293
576 6649
2636 9285
2636 7777
2636 7419
2636 8935
2636 4664
6400 6677
4007 5437
4007 4084
4030 5233
5141 6090
3198 9298
3198 5081
7067 8133
2702 5125
2702 3362
2702 6295
2573 9903
772 992
772 5104
2017 4462
2017 9792
2017 9438
2017 3296
9100 9868
3469 7150
71 2547
2085 3963
3069 3375
3069 4066
5853 7134
2232 5584
2232 4900
1494 2016
1494 3534
2798 9096
5556 8233
5556 9870
5556 9228
2041 7101
2041 7430
2041 4210
5660 8151
482 8302
482 3760
5387 9072
4707 8268
4707 5197
4707 7589
4707 8413
526 1153
3573 6715
3573 7649
3573 9669
7667 9484
2586 5697
2586 2834
2586 6775
2586 8780
6335 6720
2123 6796
2123 8670
2411 8397
3456 6413
3456 5475
2228 8536
2228 7858
3045 7277
49 2063
49 9300
49 1769
5940 7708
1305 9681
1305 9514
2773 5299
2773 7971
2074 3744
2074 2089
2074 5659
4895 7266
6271 7098
2518 8322
2518 5128
2518 9867
2518 5651
4938 9827
4938 7420
4938 5166
6267 8996
1938 9916
1938 7790
3151 8640
1083 2743
1083 8423
185 7647
185 789
4057 8129
6657 8018
6657 8880
6657 8193
7147 8204
1854 7591
486 7304
3646 3910
3646 5312
3646 4964
6371 6769
3673 4711
3673 7644
4071 8033
4071 6991
2012 2387
2012 6468
2012 3817
382 3679
382 4693
3602 6857
3602 7953
5225 9720
5225 7664
5465 5762
5074 8112
7513 9274
7649 7996
4664 6529
481 9015
481 6876
481 2875
4814 8943
4814 6472
1518 7025
1471 7066
1471 6089
5515 9577
5515 9645
5515 9232
553 1299
553 4954
553 1294
553 4249
553 4719
5976 7903
5976 8476
337 2669
337 2423
337 8166
3283 8812
3283 5764
657 7257
657 3640
1207 4724
1207 8294
1207 8455
5716 6763
365 4880
365 4879
365 5714
2261 6485
3877 9741
3877 9672
6861 6983
6861 8326
8357 8461
1303 3512
1303 2903
4565 9248
1666 3074
3351 4656
8651 9819
3931 7205
3931 9127
3947 4876
1367 9660
1634 6832
133 1434
133 9655
133 7612
3820 5554
4892 5879
4892 6543
4892 6477
104 2270
104 9664
9310 9994
4510 7159
6674 8763
4740 5666
5148 9292
5148 7406
5148 8769
2479 7034
2479 6447
3535 9059
3535 7559
3483 7195
3483 8629
3483 9157
2003 4510
755 4463
755 8312
4435 6222
3891 4368
4963 8595
55 2698
3539 3700
3539 5082
748 1036
748 6418
748 7598
3793 5474
3793 5885
3793 8994
3793 4984
3793 8653
4889 4952
7094 7543
37 1579
37 5206
37 3720
2889 9550
2889 5404
1693 2577
1693 5660
3041 3174
787 3432
787 9233
2737 4771
3495 7872
8469 9777
5162 5939
3627 4953
6171 7414
6171 7687
1998 6952
1998 7373
1998 9937
7713 8765
7068 7651
2783 3290
2698 2891
1733 2721
1733 7403
1733 4388
1733 5559
2305 9869
2305 4463
2305 3187
2305 9271
1225 7395
1225 5731
1225 5332
1225 7879
1225 4832
6969 8290
5957 7629
4039 9509
4039 5488
423 5071
423 936
423 1114
3050 4216
3050 8432
3050 7774
367 1575
367 7518
367 9900
6294 9974
6294 6532
1200 3266
1200 5496
4532 5443
4532 5999
522 8422
3724 4936
3724 5031
4441 8776
3053 5897
3053 7419
4541 5216
2513 4731
2513 6918
460 2213
460 1932
4883 6321
4883 5160
1829 4246
1829 6732
1829 4903
1829 3781
8498 8893
8498 8913
7268 8741
8631 8815
749 1058
749 9074
749 5395
5591 8955
5591 5904
153 3389
3929 6500
3929 9732
2682 8847
4310 7098
6132 8895
8097 9873
8097 9733
1552 2107
1552 4605
1552 3714
6892 9251
6892 7281
353 7305
353 6513
353 5017
100 633
100 9308
5416 7579
5416 6788
5416 5635
9241 9635
2099 8736
2099 9962
1470 1925
5082 8235
5082 7031
3058 4914
3058 7091
1366 3487
1366 2848
1366 3449
5123 6913
5123 5341
897 5669
897 2627
7372 9846
6605 7617
6605 9715
6251 6449
3336 5176
6942 7453
5480 8679
5480 5532
5870 5933
5870 6108
1128 6067
3008 9165
3008 8590
3009 4403
3009 3228
3009 8325
4780 6271
2121 7130
4962 6271
7250 8838
4056 4133
4056 7992
3932 6740
3932 4567
3696 7879
3696 9106
1291 5806
1291 8393
1291 9941
1291 6818
1291 1516
1905 4539
2209 2546
169 5321
169 7070
4405 6194
6008 6359
4567 4904
3293 6721
3293 5158
661 6361
661 8318
661 4699
2215 2593
2215 6247
6252 9626
2372 2746
3994 7581
3910 8349
3910 8927
3910 6244
7672 9708
1148 3542
1148 2531
4628 6648
513 7866
513 6942
3242 3253
3242 4761
4912 5038
4912 9161
4912 6277
673 1735
673 7329
673 6341
4097 5579
3047 3966
3492 7208
6763 8575
1673 6456
3704 9005
3704 4090
3704 8165
4594 5075
3018 3920
3018 4041
3018 5738
6052 9440
6052 8825
6659 7843
6659 8883
825 7030
825 7910
4894 9538
4894 8312
4894 8808
5809 6050
5809 7478
1181 3811
3560 5350
5758 7502
4193 9627
5488 5851
1815 3429
1815 9066
1815 9783
1815 3024
4741 6740
4142 5326
709 7600
709 3628
278 6281
88 5781
88 5551
88 9980
3681 4307
3681 7374
4430 9065
4262 9425
1199 1937
7866 9996
5390 5568
6224 9595
9052 9883
1903 4797
1903 8630
5760 9063
5760 9990
3208 9792
3208 9813
721 5640
721 4945
4708 5306
2324 6525
2324 6593
1077 5327
1077 2178
2803 9765
2803 6984
3169 9118
3169 7360
1032 3828
1032 9535
2608 6246
2608 3101
179 2019
179 7065
2703 8251
2703 8946
4759 9239
7030 7078
23 6407
23 1997
23 2430
4251 8563
4617 9451
4617 8885
4617 7189
4617 8967
2701 5502
2701 6725
2701 9273
5569 8361
5569 6462
1969 8939
5383 5653
8876 9968
8876 9230
834 3392
834 8376
834 6667
1755 7689
1755 6417
1755 5617
1755 4973
5089 5283
1792 3910
1792 7816
1792 7724
1807 7643
1807 7775
1807 9223
6222 8639
6222 9385
3322 6176
3322 8887
2719 7479
2719 9935
4862 5774
4862 5942
4862 6011
1735 5864
1786 8365
3104 9269
3104 7488
4717 7989
458 7438
458 3039
1108 6568
1108 9315
7047 9211
7047 9151
497 3505
497 5208
497 6348
6712 7507
6712 9303
1624 2489
1624 2421
1624 3623
4702 8329
4702 9546
8040 8118
4570 9697
2039 2809
2039 6524
2039 8846
4206 8131
4206 9143
5745 6120
5745 5813
5745 7326
6906 8853
1543 6412
1543 9360
1543 7463
264 3304
264 1585
264 8340
264 332
2824 2825
2541 5388
2541 4594
2541 4305
8795 9397
6983 9412
1620 4075
6759 8863
5695 6803
5695 8788
5695 6043
7222 9811
658 1859
658 8982
5136 6137
652 9479
652 1815
8442 9396
626 6725
4199 8726
4199 7813
2979 3445
8057 8992
4547 8963
7823 7865
5429 6633
5429 6007
7881 9967
3569 4989
3569 3987
3569 5613
7135 9144
8369 8983
8369 9760
2280 2413
2280 7473
2280 2885
2280 2693
2797 4274
2797 5180
2584 2796
7602 9408
7602 9129
4014 7170
4014 4453
4014 9655
3648 9960
1042 5891
1042 8381
1957 8169
1957 4844
1957 7816
4415 6108
4415 8337
498 9301
498 7781
3893 9910
5119 6682
5119 8807
7910 9229
7910 8570
4327 7509
4327 8439
4327 7696
8750 9092
7424 8273
3481 9894
2687 9488
5180 9825
5180 5940
5751 6450
5751 8860
622 4307
4529 7609
6502 9988
6401 6986
6401 8963
2004 2096
2004 6121
2004 3610
2004 6973
1537 3621
8149 8486
9443 9902
380 2859
380 9463
380 7876
1849 9599
6313 6631
6313 9504
1793 8301
1793 7994
2393 7031
1728 7482
2540 9721
2540 6783
2540 8986
1992 9495
8827 8878
6837 7146
4720 5795
4720 7222
2742 9336
2742 4831
1861 3842
1861 2407
1861 2169
3438 7119
2713 9658
2713 8672
2713 9158
2713 3000
1073 6509
1073 6775
1754 7447
1754 9780
1754 4166
1754 3603
1754 6229
45 2939
45 4628
45 4436
45 8598
4215 5851
4215 5137
565 1829
7256 8705
3740 4661
6156 9869
8768 9603
2857 4849
2857 7189
6646 7776
6754 9811
285 6293
285 2920
285 5540
4514 7403
4514 5564
1546 4106
1546 5585
4217 6529
6799 7280
5359 6801
405 7336
405 1770
405 8575
405 1671
405 8006
3831 9291
3949 7834
3949 7232
3949 6958
52 1292
52 7500
52 9694
5389 9867
5389 6914
3114 7514
4325 8453
4325 8502
2840 9678
2840 3459
1059 4624
1059 9797
1342 5715
1342 8317
1342 7894
1253 8398
1253 3245
939 8345
939 7560
939 1227
3741 9016
3741 5522
3741 8061
1444 3454
1444 2034
544 7879
544 8439
5138 5903
5138 8091
3463 7769
4771 6663
929 3236
911 6244
911 6010
911 1263
911 3086
1419 5863
1419 1729
5459 6260
5459 9273
4605 9209
4605 8370
4064 8353
4064 4525
6365 7000
1195 1465
1290 7251
1290 6501
3938 6313
3938 9756
8794 9493
1618 6926
1618 5659
1618 4849
5363 7245
5363 6904
4915 8571
4915 7584
4915 5866
2574 7764
2574 6639
2960 9865
2960 7997
2960 5521
3432 9833
3745 9311
1485 2978
1485 9518
6737 8655
6737 9767
6737 7607
5385 8469
5385 5810
4709 7812
914 5888
914 5336
914 6402
845 6302
4194 8821
961 5638
961 6709
961 6623
961 9080
961 3694
1347 7117
123 2028
123 270
123 2915
123 1303
123 793
4027 9852
4027 9375
2154 8645
2938 5050
2938 9190
2938 5000
9528 9612
2525 6150
2525 7856
1499 1743
1499 9201
1312 9146
1312 7462
1312 6658
1512 8226
1512 3070
64 4394
64 4694
64 3300
64 6163
64 816
2037 5355
548 2739
548 751
752 1340
752 9621
752 1732
4245 7837
8696 9026
5267 8682
634 4922
634 1781
4371 8622
4371 6873
34 4203
34 8241
34 2896
8561 9677
2663 7551
2663 8132
6903 8741
2443 4104
2443 4324
2443 3224
2065 9026
2065 2585
1080 1601
1080 6093
1679 1727
1679 6114
1679 3211
1679 4459
676 4553
676 4081
676 7939
676 7181
2792 6625
5935 7046
591 5000
591 4987
2726 7292
798 3747
798 9235
798 6962
2038 9110
2038 4323
2038 4378
5334 6831
5334 9619
3241 3831
2649 6171
5583 8247
2633 4947
2633 2726
1185 7998
1315 3154
1315 3330
1315 2879
1452 8721
1450 4192
7483 7725
4640 6044
4640 6656
5232 6765
5915 7025
2937 4164
2736 9574
546 3663
1422 1788
1422 1483
1422 3922
603 3047
4705 6039
2412 5846
3917 7023
89 5469
89 6117
3112 3349
3112 5111
5814 9465
5826 5879
5826 9308
5600 8034
7084 7592
4168 7230
6429 9250
1034 4119
4481 4987
4481 9025
4481 9030
8532 9847
4581 8083
7412 7555
6790 8697
6790 9222
2630 5140
6632 8736
4156 4369
8157 8673
5409 9407
2734 7677
2734 9832
3524 8761
3524 9521
2060 9917
2070 9595
2070 3069
3043 5895
3043 6011
3043 9282
3556 9081
2993 8128
2842 4575
2842 5321
8312 9412
6613 8151
7581 9353
3972 7797
3972 7560
3972 8488
3854 4593
3854 4045
6696 7537
6696 8669
6696 6871
3576 5477
3132 5871
3132 6026
644 7300
1945 5612
1945 5568
1945 4762
1945 8053
917 9212
917 2375
917 7944
4333 7054
7357 9041
1572 6725
1572 2644
3649 6823
8877 9022
4290 9408
4290 8687
234 1916
234 6744
234 7453
7997 8619
617 9997
617 3114
2264 3465
2264 6652
2264 7176
2264 6637
4444 5033
77 8703
77 9281
77 6047
4366 5319
4366 6005
4366 6669
5088 9983
5058 5295
5058 7489
4338 6235
4338 9417
7176 9112
8932 8992
4959 8484
2053 5642
1248 4532
4367 6490
389 7295
1765 3678
2821 3659
2821 3876
413 7179
413 2308
7697 9868
2183 3605
6366 8308
6366 6660
3942 5263
3942 9829
5326 8653
5326 8083
3963 8051
3963 6196
6092 6101
6092 6810
8600 8941
815 5537
5276 8142
5822 8532
5822 7588
1896 4614
1896 8393
1896 5021
1008 7644
1008 4511
3731 6542
2000 4628
2000 4464
2000 7373
2000 2673
4669 9039
4669 8245
8380 9611
299 1999
299 3968
299 3866
4936 6544
4936 9267
5606 5723
303 8333
303 6078
2313 5334
2313 6742
2313 3251
7378 9220
7378 7417
7378 9456
4362 8728
3586 8388
4089 8813
4089 5193
1173 6930
1173 4321
1173 2012
3638 6147
3638 6860
3638 6473
3839 7686
3892 6562
4791 7276
6715 7233
2968 3040
5291 7780
5291 9240
532 4636
532 3781
1117 8781
1117 9195
473 4397
473 9611
473 3789
1038 3409
1038 7952
6496 8040
6496 9546
4801 5758
4801 6680
4801 9018
2381 2619
2381 3001
1869 7911
1088 5842
2300 3696
2300 3486
323 1085
909 8219
8202 8754
7054 8669
7054 9428
953 5509
953 7614
953 8971
1045 2523
1045 1724
1045 4862
1045 8011
3758 7173
6211 8522
2317 6122
1717 7441
1717 5133
1717 5183
6181 8317
1642 1869
7261 8588
7261 9254
4122 7690
5027 6867
5027 6800
3382 9233
2092 2937
2092 3161
2092 4045
2402 9174
2402 7150
4893 6257
4893 9857
4893 7263
116 4928
3919 4510
774 9285
774 4020
3489 7308
3489 6126
3489 8332
2771 9862
2771 6873
6456 9769
1731 8260
1731 6718
1731 3404
1731 1765
248 8775
248 2667
472 6375
4994 6862
2774 7860
1682 9991
1682 2477
1682 8340
1682 4793
5790 8298
4059 6923
4059 5875
4059 5029
4059 6304
4059 9750
5264 6238
168 5752
168 7212
168 8408
168 7583
6687 9953
6687 8037
6687 8156
6687 9412
6773 8845
6397 8026
6397 6796
7221 7760
1675 2852
1675 4003
3982 8755
3982 7374
4542 8511
4542 5363
2730 4426
3557 6774
5191 8772
424 8299
424 2941
706 9572
4975 7175
7917 9629
5218 9878
5218 5685
7196 9837
3983 9164
3983 5527
429 3761
429 3992
429 1986
1231 4702
1231 1459
1231 2925
7618 9573
7618 7943
6627 8071
6627 7243
8626 9494
6093 8531
8488 8764
6645 8952
704 2482
704 1849
9729 9981
5127 7074
735 3668
735 7280
8297 8819
1379 9470
1379 4328
1379 3228
3159 4457
3159 7054
1757 2954
6592 9000
8572 9948
4641 4696
7896 7932
7332 9300
1402 2657
1396 3481
1396 2256
221 4008
221 3989
221 6858
221 7179
221 1978
7103 8296
7103 9126
2565 8116
8970 9699
4876 8576
867 4697
1766 5966
1766 4082
3591 4358
1292 8667
1292 7865
1292 4712
1292 4485
7299 9963
3013 3942
8844 8868
3289 3990
5252 9994
621 7706
1319 6022
1319 2118
1079 7721
3188 7971
3188 5988
3728 8167
308 983
5324 6597
5324 8229
6414 6520
5772 6418
2555 8046
3337 7839
686 1369
686 1788
4045 4905
4045 9301
556 1417
556 8150
556 3793
407 2593
407 6256
407 2952
407 5136
1929 7767
4692 9263
4096 6908
4096 6201
2871 6267
2871 4946
2871 5392
40 6222
4639 8568
4639 5380
4639 9677
6087 8972
6087 9398
2964 6648
6982 7653
6982 9840
5464 9406
5464 6573
5464 9665
341 7118
341 8436
341 1149
341 7539
3217 3245
3217 8853
5462 6154
3268 6716
3174 4799
5736 7362
5736 8075
379 9002
6680 8676
6680 9428
1753 2289
1753 5343
836 1931
836 1281
3805 5697
3805 6517
771 7005
771 4430
771 5444
771 3285
771 1208
3398 5049
616 4661
866 3627
866 5741
5154 8212
4618 9461
4618 9456
1398 4184
1398 7971
5247 7531
7852 8919
2163 8491
2163 2381
215 6438
4094 8123
7208 8520
6057 9627
2685 2964
2685 6374
922 8152
5508 8723
6024 6628
6024 8600
3453 3545
2998 4191
2998 4531
2998 5699
4704 9240
2912 5192
5325 6637
5899 8491
5899 7331
4257 8862
5675 8060
5675 9832
5675 8447
3136 4396
9088 9565
1371 1824
2249 8319
2249 3302
2249 3636
2249 6921
2249 7079
2374 9331
2374 5588
8504 9139
4192 4212
5193 5667
2795 5979
2795 5051
6345 7518
4913 9798
8747 8992
4426 9552
5516 9680
4577 5196
4577 7372
4577 7530
6146 8948
5663 6927
5663 6243
7655 9481
3165 7306
3165 6671
3165 3291
738 4445
846 5447
846 2614
1278 8075
1278 4142
1927 2011
1927 5430
6656 8735
1944 6155
3621 4762
1911 8510
1911 4374
3251 8391
3251 9498
3251 9753
385 9702
385 4550
5945 6284
3163 8943
3163 8956
8088 9743
3152 9344
3152 4235
3152 7489
2407 4237
2407 5837
1585 5800
1585 8877
1585 3916
1585 4750
5395 9901
6063 9679
2375 6761
839 8223
5836 8846
5836 9924
4498 5226
4498 5282
5587 6454
4815 8857
4815 8448
5046 5810
5046 6405
2951 6512
2951 3401
212 8328
212 6294
1068 1998
1068 4303
202 6669
202 6074
5744 8778
5744 9872
4574 5294
4574 6220
4730 9033
2352 5034
2352 3637
8759 8902
1612 5958
2741 2922
2031 5768
2031 3154
2031 2224
3422 7967
3422 6147
3300 9132
3300 5999
2830 8795
2939 9032
1776 9664
1776 7730
1776 8977
4307 8244
4307 6480
4102 7904
2404 4211
2404 6595
2692 7355
2692 5306
2389 4879
3042 6392
1502 4053
7947 9651
3484 9609
2379 6613
2379 6692
2151 7680
6110 6815
4358 8087
4358 6504
17 6759
8625 9713
3371 3622
3849 5220
2132 6670
1329 9221
1329 9348
1329 7174
3514 4683
5108 7322
5108 6588
5260 9532
5260 6614
21 7028
21 2182
21 353
21 5340
3444 8582
3444 7350
8480 9678
3317 7043
4859 9689
4776 5177
4015 7673
2231 5883
2485 3834
8909 9749
2945 5382
286 2087
7490 9193
8212 9849
6320 8753
1353 7360
1353 5188
1353 1997
1353 3532
5665 6984
6693 7574
427 8764
4078 9814
4106 6352
4106 5554
364 3068
364 5670
4578 9028
4086 7396
2876 3679
2876 7621
1953 5989
1953 9576
2193 8985
2193 7080
2193 9452
2193 5928
1855 5060
1855 6704
2695 3797
2695 7211
5066 9863
4500 5489
4500 8464
6816 7019
6816 8296
1027 2526
3418 6219
4135 7491
736 8982
6117 6308
1994 9120
1994 9808
109 9634
109 9648
109 2195
418 8994
418 4877
5937 8723
6305 9386
8908 9840
322 2364
322 869
3722 5007
3722 3990
4308 7235
7962 9721
7962 8656
708 8417
4559 8587
892 9842
892 6781
778 5699
778 1758
1813 2584
1813 7941
1984 4277
1984 6582
1984 8520
695 1248
695 9160
4941 5887
4941 9230
6830 8334
249 1107
249 2945
249 5831
1841 5150
1841 5076
1841 2736
6717 7486
5788 7957
5788 9173
5788 8577
6521 9981
5543 8511
5474 5909
1281 3526
1281 9292
1281 7424
824 3584
824 1892
824 8672
2501 6322
3506 6610
3506 5960
3857 9482
3857 9173
3857 9738
816 3148
816 3419
816 7769
816 5290
816 4558
816 8070
816 1739
733 6851
733 9869
624 9250
624 7335
2507 4674
163 7913
7919 8597
8234 9982
3762 4868
1882 6121
1882 2500
1065 1919
1065 3173
7709 8906
831 5596
831 2754
831 2748
831 967
2880 5854
2166 6748
2166 6189
6952 8855
2028 4920
5914 9870
3697 7192
3697 7641
6012 6996
6012 6249
4508 6438
3372 4260
3372 8643
3372 3471
3475 4326
3475 7997
3475 9351
4301 9387
4301 4671
4301 5954
4627 6925
539 8379
8654 9250
251 8158
251 8834
251 3782
251 6466
5186 6492
5186 6679
5186 7806
3604 9937
3604 7486
2628 5919
2628 5819
4812 9580
1430 3157
1430 6502
2057 8597
6231 9234
4606 8005
4606 7816
4606 9205
1374 6769
1374 6512
6376 8240
2194 3672
2194 8766
4522 6266
1009 7752
1009 1851
536 611
536 6186
536 9858
659 6927
659 5489
659 5332
659 1765
3914 4060
7965 8836
8238 8817
2206 5315
3651 7001
1891 4828
6543 7360
1096 8474
1096 3809
4562 4742
4562 6675
4562 8841
1030 1651
1756 5477
5552 7100
2690 5518
2690 5719
4718 5471
4718 8845
8144 9210
8000 8536
2145 6569
2145 7904
69 9552
69 1029
1555 2502
1555 9012
4163 4445
4163 9443
4163 8013
6595 8317
4779 9363
4779 9165
5439 9059
2464 3833
2464 3123
2464 2665
6470 9485
8981 9274
318 8064
318 9072
2086 4479
895 8919
509 9470
3868 6635
1611 2746
5800 9323
9817 9933
1713 8535
1713 9795
1713 4698
316 9218
316 5698
316 5867
316 4572
1818 8985
6216 8882
6216 6504
6216 8229
4699 6766
4954 6588
4954 6507
4954 6915
5255 8147
5255 5353
8945 9021
4450 5223
1264 8064
1264 2117
1264 9412
1264 4445
1454 2604
6175 6246
6175 7449
471 4181
471 1897
2833 3587
2833 9281
1904 3290
3546 8236
3546 5863
7725 9804
4108 9840
4108 7232
2598 3128
2598 9452
595 4155
595 2140
595 4092
7093 9274
7093 8929
7890 9688
5530 6088
668 7952
4486 6574
3312 6751
3312 7913
8465 8671
6518 7437
7570 7873
6167 7846
6167 6855
39 8699
39 1166
6641 7683
7601 8505
1749 7187
1749 9761
2337 9745
2337 6389
2337 5508
4519 5250
1453 9952
3437 9946
3437 6936
2382 9054
2382 2729
3452 8668
2466 9794
2466 4407
9519 9932
6264 7674
6264 6581
3378 6637
3378 7547
7894 8382
7894 9629
2972 9574
2972 3891
2972 7093
3544 7450
3544 9104
3717 3925
3182 7144
2709 4842
2546 8842
2546 7277
2546 5980
7154 7210
7154 7800
679 9752
3230 4667
2679 6165
2679 9675
2679 3126
4230 9765
4230 7558
4230 9199
3288 4497
3288 9474
3288 4120
1337 4873
1337 6648
5230 7934
4781 8961
3562 9020
5134 6821
759 922
759 7819
759 4418
2350 3148
5311 7741
5311 7324
2896 3089
2896 7625
36 6462
1610 9428
1610 4338
1610 5915
1610 4644
5095 9362
5095 7545
293 5506
293 7616
6009 9614
6009 6906
6009 9361
254 6884
254 7643
254 6181
2760 7326
4457 5297
4821 5204
4821 9048
4821 9394
2551 4950
2551 6488
2551 3377
2551 9612
4721 5848
4721 8701
440 2462
440 4660
440 8478
2235 2267
135 7109
135 6482
135 9608
7235 9018
2567 5689
2567 7608
3799 7535
3799 4740
2330 7004
1491 1701
1491 7617
1491 6799
6179 6581
8379 8953
7765 8166
5897 7614
4311 7563
4691 5538
2820 8847
2820 9329
631 9860
631 2700
631 716
3213 7821
76 6676
76 1206
76 3806
76 4953
76 3251
2211 2633
2211 9973
700 4677
5780 9032
5780 9040
5780 6854
6501 6928
3057 3957
3057 3466
3057 3081
1168 7950
3353 8657
3353 3789
3353 6712
1645 4558
1390 3772
312 4540
19 4403
6868 9072
6868 8632
4505 5905
903 5104
1170 1305
2174 3339
2174 3699
3088 9405
3088 8999
3088 7182
2064 5691
2064 4186
82 7671
82 611
5525 8091
22 4044
22 6587
5546 8575
5546 7152
1411 2081
3517 7592
1432 3642
1432 8767
1432 4515
1432 7946
3407 7239
3407 8678
74 2420
7466 9391
7466 8646
2744 8828
2744 4480
2058 3768
6336 8218
6336 8651
600 9962
4698 6134
2091 7539
7846 8710
607 4879
607 6403
8770 8792
4321 9260
7311 9348
7311 7879
3784 6507
1988 3979
3760 8282
7397 8070
9161 9176
1759 7979
1759 6853
1759 7939
6794 9864
6876 8908
2506 8054
2506 8912
2506 2572
5382 6607
6250 6932
3122 7703
3122 9617
3122 9639
5998 6245
1269 6213
6144 7593
7608 7767
6316 9199
6577 8595
8178 9808
1060 7059
5864 7792
5864 7485
1046 7483
3748 3937
3748 3856
3874 6613
3713 6720
7269 7850
7269 9562
404 3928
404 8608
1493 8973
1493 4036
7452 7492
7452 9484
2277 6433
8422 9443
4043 6211
4043 5203
381 6284
381 7815
381 8649
5667 8937
5327 6115
2278 7690
8128 9212
8128 8356
3770 7307
7320 8189
3526 9339
3526 8717
2542 3102
2542 7379
792 7126
792 4123
496 8345
694 7205
694 4565
2481 5418
2481 6532
2481 9566
6725 7503
300 6828
300 5035
300 4862
3001 5938
3001 4863
5927 8146
5348 5466
5348 7318
2218 7388
4356 5183
4356 4402
5815 7333
6485 8896
5499 5694
8473 8937
6740 6865
1744 6160
1744 4734
7590 7792
6095 6684
613 5115
1069 3170
1069 5174
2552 6362
2552 9404
2973 8176
2973 8987
5534 7992
5534 8500
5534 7009
6257 9725
3659 5516
114 1206
4431 7802
4431 5927
5164 9280
2884 4278
6357 7703
6357 9550
1340 4443
6254 6391
2512 3096
2512 9570
8114 9625
806 1787
806 5552
1137 7315
6784 6791
3301 6199
4276 5824
4276 7964
4276 7877
4276 4378
2068 5143
2068 4354
507 2677
507 4251
507 5341
3368 8708
3368 4704
3368 9493
881 1780
881 2849
986 3820
986 5351
1553 4044
8310 9256
126 4010
126 4713
794 3491
794 8367
2930 6485
2930 6374
3204 6755
3204 7113
670 5590
670 2038
670 4761
670 1538
1043 8359
9686 9873
1750 9483
1750 5273
4822 5728
4822 9096
2414 9719
2579 3717
2579 6537
2579 8903
2579 7944
4544 5233
6879 8752
756 6050
756 3260
756 8575
85 3471
85 4236
3802 6924
3802 4298
7849 8575
4588 8237
4588 9710
6788 8947
1847 4572
1847 9278
4022 5013
4022 9974
2269 3060
2269 2918
3776 7237
3776 9073
3776 4400
955 9679
4947 7604
4947 8132
5495 8447
5545 9407
3061 4743
3061 9131
10 3549
10 141
1775 9213
6459 8480
433 6591
2592 7508
2592 6962
7771 9908
7771 9775
1407 8121
1407 2650
1407 9264
625 4185
70 333
70 5967
5094 7598
4154 9086
8398 9670
7045 8492
2316 4098
2316 2793
5838 9079
1429 7300
1429 6892
8801 9529
42 2312
2366 7856
2366 7948
2366 9393
4896 6721
4896 5685
4896 8116
2668 4432
2668 6425
2668 7856
8080 9330
3138 6058
1851 6975
331 5171
331 1321
8474 9108
6570 9967
325 8577
325 3875
325 8732
275 3625
9050 9487
4214 6302
4214 4462
7808 8074
402 5082
402 5245
402 5266
7975 9501
5622 6633
5622 9334
5422 6237
7992 8624
3374 4847
7642 8191
7512 7628
3282 4784
1691 5275
6282 7202
6282 9883
6282 8375
4209 5753
656 3215
3571 6887
110 2016
2417 9514
2131 9928
5974 7953
5974 6390
3698 3939
3698 4970
3698 9499
2772 7935
2772 9982
769 4181
769 7565
6673 7028
3581 8288
7853 8591
8721 9290
8776 9879
6338 7346
4224 8866
4392 9442
3333 3958
3036 7179
3036 5667
3710 9139
4867 5490
6349 9325
4328 7019
976 1123
976 2461
976 8597
3446 4828
3446 7966
717 6818
717 4753
717 1318
2144 7615
2144 6777
188 1750
188 7465
188 1772
495 2757
495 7869
5405 9108
5405 8074
1159 5795
1159 5747
1159 1801
6281 7468
1883 2493
1883 8054
1883 3256
3897 8242
3897 8404
9876 9882
3989 6328
3989 5034
942 9299
8255 9988
2493 7490
2493 7317
2493 2894
1958 3178
1958 7699
6011 9005
2831 5006
582 6822
582 4776
582 5582
582 1961
7280 7951
6182 9506
6182 8403
5029 6600
3 8624
6623 9110
3930 9146
3930 4340
3930 4467
3930 9400
1603 5143
1603 9651
3131 3332
3131 5895
2626 8769
7144 8498
6033 6323
6033 9532
3631 5922
2106 5327
2106 2632
2106 5356
4882 7518
4882 6512
9073 9559
2335 4317
2335 6325
3682 9108
3682 5517
3682 6927
926 6150
2578 8488
2578 7357
9176 9194
1037 1657
1037 4235
7082 7093
3921 5050
3921 9402
3921 8364
7746 9336
7746 8531
3234 5849
812 6598
8454 9884
1593 6687
1593 4429
1593 5158
2459 9912
7192 8324
208 3332
208 8240
823 4887
823 7505
823 6045
3757 6622
3757 8747
2859 5240
1934 8954
1934 4145
1934 9786
1446 5050
4930 5158
1947 6300
1947 9409
1947 2949
5237 9026
2034 5539
2034 5973
2034 8300
7077 7378
6112 9381
7383 9872
3582 3827
3582 7558
8284 8955
2926 5196
3579 9155
3579 9917
3579 8768
1926 2500
1926 3298
1926 6468
4292 9305
4191 4952
3121 7380
8411 9407
3968 6655
6530 7689
5257 7515
6165 7287
888 7597
888 7705
219 6955
4725 6051
4725 7304
4184 8594
4184 9238
4184 9188
4184 9892
6480 8309
6480 8253
6480 9253
3194 6406
3194 8074
2990 5795
5906 6320
5906 7301
31 9623
31 6808
7442 8224
6078 7568
1893 6867
1893 9198
5520 5599
4438 9570
4438 7909
573 8346
1433 7465
1433 5022
1433 6412
6116 8273
7323 7832
289 4344
289 6547
6091 9803
6091 6489
1768 7993
1768 9762
7552 8525
7624 8398
4019 7176
1026 4561
3295 4255
3408 3937
3408 4353
3408 3995
8513 8630
7179 8724
8779 8888
8779 8903
690 4144
690 6791
757 5110
500 4582
500 8968
7658 7912
7690 9547
7277 9317
667 1079
1445 4840
1445 7951
1445 8807
3920 5842
2817 3927
2817 5267
9180 9223
5015 6701
5015 8169
5015 9404
893 8623
1208 1835
1208 9093
8936 9222
8936 9381
5561 7589
5561 6010
5561 9493
2848 9917
2848 3631
4746 7608
4746 6671
6768 6963
6660 8477
1510 5332
1510 8827
3827 8047
6552 8254
6620 9959
1421 8951
1421 3135
134 5780
134 6343
7408 8020
6442 9453
1930 3317
2885 5467
2885 3246
3872 4483
3872 6554
3872 8068
8056 8164
8056 9479
1335 6252
7173 9477
2684 7938
2684 7336
2684 3796
1302 5586
1302 9643
1302 5620
4462 7309
3219 8955
129 591
129 8094
2213 6011
3404 5897
3404 7486
761 5188
761 1142
761 8839
918 1186
918 2436
4026 6641
4026 6168
9621 9912
6601 7013
5399 7542
5399 7853
7587 10000
6957 9342
6957 9552
4118 9582
7609 8461
4495 5363
1637 4226
232 7713
853 8551
853 3471
6000 9758
6000 9114
6000 7816
3092 8894
2832 9080
2832 8112
2832 8442
2095 3183
2095 8151
6065 8579
2146 9397
7485 8756
7485 9843
601 8812
601 1458
601 9686
3411 8658
2946 6071
3679 5530
6089 8079
3851 9938
3851 8495
4654 8846
4396 9720
4396 5046
5986 7936
6438 7826
6096 6562
1106 5093
1106 8375
1106 6497
6416 8834
732 1133
732 9159
4658 8488
6684 8465
6997 7458
1247 8918
1247 9430
1247 6615
4347 9059
4347 5958
3675 5177
6913 9990
3608 6017
3608 5522
891 2350
2897 4219
2897 7698
2897 3443
6228 7009
6228 7070
3082 3247
8115 8335
1024 7216
1024 5422
1558 6165
1558 8923
1558 5744
5076 8974
1401 6673
1401 9187
6261 9761
2358 2678
2358 8367
2358 7522
2358 7844
2236 3423
1950 6023
1950 6085
7734 8790
3381 6270
8821 9115
78 3864
1101 2824
1101 5666
1101 9263
8609 8709
4272 5911
4272 6459
3410 5322
1746 2810
4695 6986
8405 9621
2195 6840
2195 8233
2195 2617
1169 6335
4456 7615
7816 8988
6170 9190
4153 6710
4153 8753
5670 9196
5670 9891
1767 7281
1767 8621
1767 9621
5634 8673
5634 9015
8204 9109
5352 7470
5352 7460
6296 7978
924 6313
924 5063
767 8211
767 4442
7310 9079
7023 9555
7107 8884
5256 5789
6 5028
6 9867
3998 5896
3888 7520
1525 7456
1525 7443
1597 6714
1597 4493
1597 3400
2845 4705
710 5184
710 9881
3790 9276
3790 4392
5995 8700
1110 2328
1110 1172
298 2673
298 1706
7431 9451
6520 8981
2625 9021
2625 4060
1583 8081
1583 6743
8657 9532
4690 7309
1136 7714
1050 3763
6691 9362
3513 5749
1989 4052
605 6989
6300 6486
725 6622
725 2435
2911 4004
4823 6080
2476 2596
4802 6185
731 3750
731 3205
5886 7691
5886 8675
5967 6305
9407 9696
5621 7178
5621 5650
5621 7420
5621 7464
2306 4525
2306 7748
2306 9919
1621 6541
5413 7416
11 2387
6193 8170
6193 6235
6193 9338
4412 4519
4412 5653
2259 2712
3596 6696
3596 5010
4254 6788
4254 8617
4254 8680
2635 4562
3450 7996
5294 9133
5262 8348
4773 5691
3303 9005
3303 4372
1850 8026
1387 1660
1387 5845
6644 7946
6644 8993
5202 9710
3103 3393
4318 6041
4318 7256
4520 5527
4520 6237
3482 3774
7218 9095
2710 9060
2710 7416
295 9371
295 1970
2651 5545
2651 8058
3442 3960
1130 3895
1130 7623
1130 4306
1130 1869
512 4157
512 6039
896 8808
5768 5979
4 1339
6010 6862
8895 9940
4006 6371
2304 2375
1791 3128
1791 6175
1948 8597
1948 6584
4927 9262
4674 8386
4674 7917
599 7873
3033 7035
3033 9962
3033 4226
3813 6303
488 6592
488 9075
488 5118
488 3984
2255 6662
344 6743
344 8435
344 4389
7318 7572
3902 8593
960 4139
960 7656
960 6922
3654 5774
3654 6421
3654 8397
6311 6799
1668 3736
1668 9776
1668 5856
3358 7263
6824 9205
5451 9646
3960 9630
5617 8242
5617 8173
6453 9352
4051 4104
4051 7360
1681 5946
1681 7182
1085 9781
226 7584
226 6343
1033 4070
1033 1773
2913 8840
4549 4602
6370 7393
2467 6269
2467 9681
5070 9629
3157 6106
3157 6275
5355 8730
5355 6492
2860 7334
2952 6541
2952 6786
2952 3193
997 1129
997 3239
997 5835
997 9862
4638 5277
1304 7840
4620 7240
4620 9631
4620 7543
520 3503
4073 9703
784 1764
784 8082
4937 7351
1747 2959
680 9517
5361 8580
5613 6730
1165 2160
1165 7543
785 5385
785 8050
5664 8183
7610 8287
8367 9183
8923 9028
1114 9056
361 8981
361 5991
4484 8507
4484 4955
6262 9778
5910 6940
3525 9075
7805 7984
2754 5170
2754 3547
2754 2867
2488 4648
2302 5402
3012 4719
3511 8704
3511 6047
2864 9587
2864 5831
4364 5533
6025 6541
6535 7847
9227 9741
5484 7389
3385 9283
1428 2500
1428 4065
1428 6987
210 6805
210 7818
5049 5721
5049 5692
5364 6969
5364 8808
3049 7681
1566 4815
5594 9513
1884 9062
9015 9749
1172 7714
1172 7577
1172 4338
4010 5051
2693 4304
2693 7014
2420 9599
2882 7204
2882 8671
2250 7768
2250 5240
1 6337
6042 9105
949 1160
949 8127
9498 9943
3154 9032
7897 8516
7897 8629
2345 2582
2345 6470
2345 8267
6302 9280
6302 6511
6302 8645
723 6576
723 2159
5691 7062
3633 7622
3633 4207
4942 9203
4942 8392
2370 8375
2370 5260
2370 4783
1809 9437
6864 8812
758 9465
758 8719
2844 3066
9316 9412
9316 9369
1492 2938
2613 3415
2167 9683
1811 9641
1811 4342
1811 2301
6227 9562
6227 9729
7576 9962
2309 9059
3987 6723
3987 6819
1632 7684
3149 5517
92 5477
92 3078
1639 7856
5486 8863
5486 9752
5307 9585
5307 8516
4800 9910
925 2615
925 2168
5198 9679
3558 9663
7167 8006
3678 4448
6738 9518
6738 6915
1605 5631
1605 4557
1605 6150
8334 8602
5386 7146
1344 2069
1344 4253
1344 3502
1344 4539
7669 9657
7669 9440
7669 9562
2265 7565
2265 4808
2581 4139
3302 3593
1721 3121
1721 5553
4678 9719
1481 5567
1481 9229
4591 5732
4591 8472
6545 8116
3876 4009
3876 5028
1625 1962
1625 2151
1423 6570
1423 3604
1423 2514
1423 5736
1423 9291
4335 9738
6553 8438
263 6937
263 6789
6871 9678
6871 7011
3389 8560
3389 5697
3389 7147
3044 5136
3044 8168
7829 8297
5033 7292
1355 9346
8490 8864
2745 6607
2745 5558
2956 3307
2956 7700
2560 8255
2560 8608
970 8069
8552 9680
2804 7292
6895 7499
2230 4608
2230 4955
2230 7470
7224 9856
4376 9256
4376 7464
4376 5112
2533 4099
7113 8555
7113 8725
1234 7472
1234 6212
8250 9137
4825 9673
5430 8484
1483 1657
1483 8526
6005 7242
3885 6092
1714 9328
585 3229
585 9385
2813 5620
7951 8159
5840 9429
5840 6793
5840 7177
1361 6743
1361 4133
6635 7965
6223 6969
2526 3863
2526 4479
2214 3155
4068 5896
3222 3425
5216 6730
360 5763
360 4390
360 9282
2136 4115
4439 8476
2044 9297
598 7856
1066 2344
1066 4521
6080 7653
9349 9717
6977 8378
4734 8864
4553 5658
4553 9734
2974 6060
3319 3417
46 5867
8090 9686
1842 6474
1842 6194
1842 9093
904 6022
2061 5199
2061 6833
2061 5487
1260 9065
1260 4259
5648 6812
1508 6255
2611 9585
2611 9466
8163 9295
1273 7708
609 1967
609 3409
5865 9041
5865 9034
5865 8032
5865 9849
5657 9146
566 8576
6106 7759
537 3831
3318 6722
3318 8735
1831 6464
3705 6011
6898 7837
8189 9824
5581 9976
5581 6361
373 1463
4211 8285
4211 9543
4211 6854
2272 9867
2343 9352
2200 6120
7003 8917
3867 5741
907 3025
8062 8904
804 2523
804 1723
804 2582
5968 7228
5968 6415
5673 9117
438 6651
438 6297
151 8828
151 5045
151 6575
151 4188
8146 9530
3192 7974
1790 8843
7628 9906
3497 6125
3497 6015
1821 3622
1821 3840
1821 8187
5730 5843
4651 9753
4651 8103
7100 7297
3022 3184
3022 3825
66 7849
5292 8630
5292 8634
1825 9526
2148 6604
8110 9759
2062 3971
1324 5657
1324 5857
410 9575
5065 7370
7677 8763
1751 4250
1751 3104
1751 7532
91 9721
91 5951
3079 4104
3079 4664
3079 6947
3079 8134
2963 3110
2963 9420
1823 5324
1823 3099
4931 4997
4931 5440
1222 4692
693 1575
693 9828
4796 7064
2643 7980
2643 7158
2643 5782
545 4700
1267 6149
1267 6953
1267 6542
4575 7488
3062 3386
4137 5119
611 9271
1545 7780
6454 9454
4263 6920
1495 9861
1495 3500
1762 1936
258 7752
4513 4921
4513 4765
4675 7595
4675 4739
9741 9881
5140 5838
5140 9390
508 8924
5637 9426
3417 9542
3417 7888
3417 3806
3417 7830
8555 9906
137 891
137 1625
137 3333
137 9542
2202 7192
2202 6723
2202 4339
5282 6499
6557 9165
241 2126
635 5338
1072 1314
1789 9711
6346 8234
3962 7596
3962 9184
1123 5777
1123 8093
1123 3770
7520 9538
7128 8777
6848 9746
5595 7152
1322 2279
1322 7448
1322 6840
6855 9442
1980 5221
1980 6059
3726 4397
16 562
16 4976
6954 9105
6954 8004
2104 2602
2104 2641
8439 9607
7417 7489
8511 9263
3912 7481
8833 8904
2594 4157
6310 6319
7365 9296
2323 8753
2323 5683
2323 8363
7155 9894
1126 8864
5161 5341
3200 7551
3200 9211
6638 7778
6293 6871
515 5789
3541 4392
5228 5597
5228 7283
5782 9215
5782 9904
5808 7267
7387 9157
6070 7194
6135 8308
3100 9130
4940 8210
5370 7129
841 9118
841 2140
4731 9654
586 3610
586 7298
586 2911
7145 8009
2084 9349
1356 9031
4411 6911
9065 9137
2405 7464
6974 6977
1408 7088
1408 6130
5618 6491
3117 9409
4174 9010
5517 5978
5517 6542
5517 6960
4221 5648
7761 9717
7761 8468
1284 5343
1692 8623
1692 3159
5158 8530
3835 6128
3747 8420
3566 8846
2377 5476
2377 9996
2452 6995
2452 5498
2452 4650
7675 8401
8948 9375
7776 8563
8680 8687
81 8493
81 2441
988 3994
988 8244
7810 9017
7868 8481
511 6089
265 9961
265 8012
7560 8238
3838 9730
207 8429
207 4133
207 4778
7238 7978
7238 8142
1852 5372
3258 8295
3258 8916
2153 2358
2153 9924
2153 4738
3719 6071
4339 6205
1810 6899
1810 8930
1736 1802
2427 6286
396 4413
4419 6428
4419 5442
6030 7656
240 1363
240 3720
162 8606
162 3637
6590 9939
1569 4748
950 4264
3565 6825
696 4054
5714 7893
5734 7744
5734 8826
1365 5746
7254 8323
7254 8433
3720 9054
2283 9948
4065 5217
4065 7341
9452 9672
3858 3864
8181 8871
7275 7894
2593 8330
3944 4926
8018 8852
8018 8968
395 2866
2650 3143
2650 4898
4035 9904
2853 8465
2853 8386
2853 4919
2315 6185
2315 7262
1086 9725
3736 8813
5748 9068
2357 8739
2357 8653
6115 9691
2874 5031
2874 7695
3199 8421
3199 9341
3199 6468
2040 7973
2040 7230
5271 9472
6041 8450
2127 8725
2935 3789
2935 6659
2935 9527
6162 9830
6162 8701
5346 8367
4765 8900
4765 7163
3006 8466
3006 3908
1226 9017
4104 4129
394 5721
7297 9343
1162 9707
1162 7058
5020 6792
9455 9731
677 6823
677 4134
1554 8974
1554 5019
4034 8283
2958 8703
2958 7993
2958 6932
5445 6000
113 6220
4049 6226
6828 7516
6828 8169
3143 8589
5502 7331
5502 6444
5502 9531
3209 5988
3209 5673
8463 9004
6244 6529
2927 8693
7339 9201
4465 5987
4609 6917
5321 6715
35 9166
35 4522
4341 7147
5473 9957
7199 9486
7199 8012
1571 9744
1860 2664
2471 3163
2471 7745
2920 3189
2920 7977
5811 6503
5811 6831
8199 8677
7039 8370
5253 8637
3554 8160
4600 5002
9609 9931
2907 9889
3457 9910
8037 9390
1774 2364
1774 8575
1774 6827
4523 6295
2781 9519
2781 8734
856 7151
425 5363
3460 8106
1830 6446
1830 7672
1830 9050
3206 6254
3206 8917
5040 6554
3899 6640
3899 7185
6322 9030
3666 6456
2187 7239
2187 8963
2187 4716
641 5660
641 1762
641 673
4249 7852
401 8207
1504 4277
1504 5686
1504 5607
6540 8424
7259 7619
4234 5433
992 6474
992 2293
1598 7339
296 6738
7802 9251
5249 9373
982 8485
1036 4421
156 6838
5685 6805
6122 7191
3503 6108
3503 8517
8374 9104
5188 7430
7360 8680
5120 7103
5120 8767
5120 8340
2784 7350
3786 5645
2969 3151
2969 6754
3480 6342
3480 5895
753 6200
753 7476
1041 1635
1041 3235
175 4096
1057 8230
5658 7443
1540 7708
627 3648
627 6757
8800 9851
1054 3483
1054 7430
1054 2235
666 6175
9121 9905
8248 8683
6195 8888
2494 3422
7319 8752
2751 3894
2751 8248
2751 4966
2446 9750
1092 7971
1092 3918
67 6356
67 7117
67 6662
67 7972
67 7985
6006 9124
5233 8307
2577 6515
1913 6660
3670 4445
6259 8999
7317 9216
4213 6908
4213 6173
2661 5453
4697 4715
3262 9954
1539 4171
649 9130
3189 6138
5177 8456
4393 5859
50 5997
50 7489
50 4562
4223 5205
6232 8937
2035 2555
2035 4714
1474 3596
9429 9919
2233 2563
4950 6688
4950 9503
284 3402
5630 6165
1076 5238
608 2719
608 1473
608 3052
9018 9151
6615 8834
388 4721
388 3267
388 2385
501 9325
501 3845
7206 9559
1506 2201
5313 9425
1203 7110
1203 3449
1203 6367
5168 9161
5168 8044
3184 9338
3184 3987
41 3538
41 6708
41 8565
20 3969
20 6911
3196 5639
359 6036
6699 7986
660 7952
3918 8157
4288 8008
4288 4876
697 9231
3233 3926
3233 6855
3976 6916
3976 6612
1214 4205
1214 4776
4626 8227
4626 9735
2867 5789
463 6332
463 9883
1155 1828
7909 8707
969 5844
2652 4863
1696 7162
5577 5627
596 9190
7796 9940
4331 8166
4331 5722
6120 7990
6120 8312
1175 3614
3716 6961
6678 7475
9414 9847
4724 9173
2308 7821
2308 4502
2049 6983
5857 6385
518 7666
7731 8616
8376 9381
5036 7641
7059 7387
319 2889
744 3466
7787 8307
791 7596
1236 7070
1236 2105
1236 9961
2486 8987
3778 5442
8186 8919
1090 9061
1090 5669
3278 7167
3278 8224
5394 8806
1295 1923
310 9455
1596 2491
7324 7665
7324 7893
7324 9141
7399 9453
7399 8296
6677 9165
8251 9218
4757 8444
4757 7538
6134 6906
1263 8023
1263 1774
1263 8237
7960 9671
1527 6364
1527 7546
3134 6931
2376 5784
6719 7831
8425 8429
2588 9285
8011 9686
8011 9372
8011 8685
3125 8624
3125 5495
3125 7150
4381 6958
2142 3651
821 7267
4844 7855
4844 7268
5636 7342
120 4342
7970 9294
7970 9004
5550 9405
2107 2313
9133 9431
172 4168
172 3528
6643 8818
900 3638
6213 7159
2629 8500
2629 3457
111 1401
5686 8698
5686 6136
5686 6923
3551 9331
4155 8836
4155 9213
354 2357
3015 3510
2227 5136
2227 6466
7239 9965
199 4290
6215 9522
6215 6870
4799 9235
4799 4837
2032 9103
2032 3585
3845 8939
6076 8609
5201 7934
5201 6842
2042 3211
2545 6486
2545 4388
2729 7322
2729 8572
619 6092
6836 8898
2240 9105
4848 9665
4848 5360
2759 9078
5841 8228
5841 8250
2297 5855
2297 8353
932 9629
932 5598
6276 9018
4437 8357
4159 9547
2931 8191
1099 2457
858 8956
1271 8413
7477 9411
541 5837
1982 7510
6686 7078
838 7696
5605 6417
5605 7538
5605 8757
9102 9610
5538 8706
8978 9831
8978 9910
7833 8670
5628 9324
5628 6543
5628 6299
5501 9592
5820 9820
171 7163
7859 9411
2293 9731
2293 7533
2522 7404
4278 7274
4278 6998
2162 3013
5273 6771
4840 8948
837 9701
837 5818
2254 6365
2254 2585
283 2516
8806 9445
8806 9180
7305 7666
7451 9250
6706 8896
3409 8916
3409 7525
3730 9842
5275 8037
1202 5219
1202 6189
1460 7564
2862 4499
2862 7034
2537 3894
2537 4102
7940 8668
3147 6499
3147 5349
4858 7384
5856 8956
1899 9978
1899 9098
4939 7652
485 1332
5093 5415
4943 5452
7764 9485
4050 5716
3099 3405
2986 6090
1834 8682
7449 8951
443 5759
8268 9340
4478 7381
1653 6755
1653 6875
6708 7510
5707 6028
7508 8756
5121 8341
3922 8730
5590 6018
5590 9855
2184 8775
5368 7875
1431 3850
3340 7404
6465 8970
6749 7325
3405 3633
3405 6455
5420 5643
6575 9026
6575 9749
6475 8466
1463 4922
1463 6722
1463 3946
1463 7736
1463 9722
3423 9243
3423 7596
3038 4417
3038 7137
2905 3664
1591 1811
3177 7973
3177 8098
3177 9403
5163 8709
1703 7008
2505 9266
1835 4313
6780 7075
4453 6097
3676 8091
3676 9742
3676 4764
108 5737
108 6233
108 421
6168 7974
3019 9302
5960 7538
4379 4688
4379 6387
7942 9399
7942 8845
5635 9623
5635 9492
3829 4110
3829 6115
1392 6400
1392 5126
297 8618
5184 6371
827 8298
8816 9587
703 9159
703 9893
5320 7464
4145 4894
4145 5752
6616 8949
2618 6151
2618 3648
2618 9181
6713 8322
5893 9978
1946 3602
1946 3429
9125 9210
6031 6698
1877 5286
5073 7543
9333 9679
5226 6007
8089 9641
3661 6620
8994 9141
8994 9948
5700 7143
2182 6995
8138 9711
1418 5781
811 4838
811 5202
6940 9739
8105 9128
4445 7579
852 4784
302 826
7783 9572
7619 8322
5469 9807
2274 6754
7636 9804
7119 8564
2527 3640
2527 8632
2527 3404
9029 9637
9029 9078
7892 8098
1623 2176
5513 9482
5926 6736
2203 5537
2203 9338
2021 9938
139 4198
139 968
6546 8121
8001 8078
1827 2258
1827 3553
5588 6678
5588 9759
2461 8024
7572 8859
3296 8615
2457 8787
2457 3440
2457 6721
9167 9367
9167 9589
403 2664
8108 8257
4449 6408
1567 6197
1567 3377
6886 7431
5696 9405
8276 8332
4526 9598
4526 5969
5337 8426
4226 9220
4226 6005
7306 8971
3634 4440
2217 2525
2217 5175
7419 9000
2325 9452
2325 8628
3193 5550
4546 8097
5126 5216
6544 7873
6544 7956
5011 9620
3236 3441
4612 9819
4612 6080
2018 3911
2018 6597
4121 5584
870 8029
870 946
4269 8296
5064 9704
5064 9670
4501 9530
3629 5562
1919 6465
2858 6023
2858 7528
3265 4854
3000 3598
3000 4496
3000 4376
3454 6973
4599 9364
2940 8319
2940 9672
843 6942
843 3067
5537 9165
1212 5122
1212 9878
1212 9395
3027 9344
3027 6006
7695 8627
5818 9038
840 8472
840 7101
840 4436
2320 4101
2320 9429
1330 9579
1330 4911
1040 1518
5882 9656
7353 7509
7737 8093
6541 7602
5063 9583
5063 8250
7111 7117
935 1268
935 6610
1064 6580
1064 1816
9587 9822
9587 9917
1859 8694
5221 7983
5221 7262
5221 5532
189 1854
189 6594
6931 7171
1399 3497
1399 2122
2714 8935
5344 8537
1771 4367
8814 9819
2631 6706
2631 5961
5529 5602
3325 8397
3325 5587
6364 9341
5584 8453
5584 7310
5132 8393
5132 6117
370 5438
370 510
1131 8588
2023 5429
2023 6391
1413 4788
6004 8426
4112 9973
1318 8373
1100 5273
7923 8111
3065 7048
3096 9057
349 5848
349 3498
4148 4723
4148 5451
1806 2316
3181 4644
4076 7350
2644 8073
2989 6978
2989 6705
7865 9452
5715 6515
7201 8700
7201 9058
5013 6987
5322 6593
321 8626
321 1273
321 4765
1262 4562
1262 3478
2932 6849
5130 6161
9397 9806
1588 5739
1588 5929
4069 4841
1686 3377
615 9897
2270 9592
5483 7332
5483 5960
1941 9959
7762 8003
8246 9916
7714 8778
8921 9308
8793 9186
8027 9186
3907 4027
3907 7851
5349 5431
4479 8349
2220 4212
2220 9811
6580 9544
8394 9318
3869 9746
2601 9232
2421 4296
2421 5120
1631 7494
8723 9414
6724 9706
6724 8205
8432 9421
1928 7722
4637 6211
4637 9970
377 2245
377 862
4281 5771
4281 4745
7130 8759
1229 1852
1229 5650
1229 8086
878 8760
878 1950
878 8202
8014 8855
7858 8915
6741 7745
2473 6884
2473 3772
6141 7992
7538 8576
5825 7875
1976 9113
1976 5280
3865 4135
3327 9473
4613 6743
4613 6281
799 8800
799 7755
590 9619
5949 7891
3341 9359
947 3518
947 2459
80 1098
4011 4082
6423 8831
4468 6736
4910 7625
4817 9870
516 5824
7752 9048
4643 8514
4643 7010
7969 8086
2865 5307
3593 7215
7166 9732
3229 8771
5889 8172
4161 7757
3926 8365
3926 5868
3926 5219
2160 9716
1299 5548
1968 2780
1968 8502
3207 8807
6064 9645
7822 9169
1002 7149
1002 8808
3016 6545
2262 7046
2262 3791
2262 7647
1112 5708
1112 6269
3002 7123
707 8389
4614 8403
4828 6993
6077 9941
2336 2755
8714 9579
2502 3073
2502 7156
4833 5110
650 8547
650 3581
551 3166
461 4624
1707 9352
2955 9723
2942 6344
2942 5159
4244 8862
5181 9236
4351 6068
2119 2417
2119 7996
2544 7959
2130 4504
3737 9647
2290 6755
989 5226
5988 9219
1283 2177
3396 6765
4625 5694
2413 9323
2413 5030
3110 6419
3366 6730
638 4354
8177 8850
7174 9091
7174 8634
770 897
770 4641
9016 9450
2137 3305
4255 8184
5285 9108
5045 5119
3842 9535
3842 6857
4203 4745
3505 7212
1742 3744
1742 6613
5681 5910
5681 7496
7313 7630
6275 8988
83 3966
6956 8786
5103 6384
3314 8998
3314 5959
3314 4818
1301 6247
4615 7626
2054 3615
7164 7472
2683 8326
1548 8536
2484 5032
8449 9008
8449 8660
683 6563
7088 8909
6148 9987
8633 9479
3691 7074
1843 2065
7464 8038
6802 7200
3552 7808
3552 7785
2549 9375
5425 9849
2318 5485
4167 9673
1704 8691
1704 2753
2294 6969
2294 2372
2186 8191
5697 9500
1275 6898
1275 9301
9410 9635
6220 6241
6953 7904
6953 9956
1576 6469
6084 9923
2340 3555
6359 7046
3269 4136
3269 8429
4504 9256
4504 7348
604 7939
604 9517
4373 9125
2814 8593
270 2118
9053 9760
8289 8511
8121 9703
1498 3672
2234 4948
1638 5541
8638 9043
2961 5291
2961 7003
6263 7953
5231 7812
8659 8909
1644 7506
8765 9340
2503 9701
2922 2931
2922 7888
2624 8761
8052 9496
8052 9539
5551 8560
28 6572
3091 4976
7286 8383
3811 7348
937 8027
937 3705
4267 9222
9141 9265
6993 8832
6382 8193
8911 9130
2282 7777
6633 8325
8492 9268
5677 9564
196 1680
4115 5942
2248 6228
6722 9096
465 1216
6862 7334
6862 8625
5428 5777
8461 9007
1266 9613
4991 6471
2856 7431
7213 7674
7530 8380
198 3522
5003 7775
5003 9870
2562 6444
1268 1493
1268 9141
3623 8804
5419 7472
4854 8691
2647 8485
5331 9136
9427 9668
2237 4612
4476 5912
5207 9404
874 3061
3373 4937
8389 9631
4124 8990
3859 8488
3859 7425
6949 9685
5706 6590
6504 6561
1235 8624
2288 7924
5156 8152
183 4434
921 1079
376 1380
5806 9859
5798 6172
915 9226
6582 6989
7595 8559
8213 8257
184 4898
4693 7355
4777 9840
4777 9502
2839 6574
2036 3495
1910 7593
1910 2322
7296 9203
4742 5961
2126 9828
4593 5996
4593 6218
8692 9042
4474 5055
4474 8490
5059 7688
1119 9265
1119 1557
865 5202
6537 7943
6458 6669
6463 6793
6992 8449
7127 9159
2221 8689
6246 7047
7571 7991
250 5295
250 8071
4551 6563
6599 9091
6599 7539
5930 7666
5087 9790
1249 2805
1249 6215
416 3109
4093 7652
2753 4117
2170 2633
2170 4919
2170 9577
5771 9044
7288 9155
5081 5777
826 9506
7245 8611
4978 9198
8610 8985
2561 7496
8464 9565
5210 7764
916 6374
916 5974
8807 9821
6888 7712
4733 6200
8156 8435
1878 6739
2583 6875
6554 7928
4013 8445
3767 4490
446 3250
7877 8865
7877 9549
2116 5538
8810 9246
9405 9598
3901 7981
3955 7761
5643 8141
6462 7726
861 6370
2903 4916
1599 4114
575 7820
575 8662
4537 8850
9309 9744
7481 9968
9183 9956
6533 7814
3137 3237
7516 7742
2327 3991
8722 9100
5901 7018
6237 9165
1205 7661
4126 4277
290 3692
6200 8564
6200 7772
4062 8917
6652 8746
8655 9735
4031 9523
4660 9961
5586 9985
4227 8639
9212 9940
3680 6514
1393 4683
1393 9540
3564 9263
8263 9717
5688 9255
4146 4887
712 7557
712 3147
712 6405
7659 9958
8773 8894
9273 9683
3860 7654
3860 5473
1725 3335
2818 9596
2818 9309
3281 9842
3281 6749
4964 5165
2662 9971
1580 7430
664 9765
3270 3567
3051 3882
7228 9858
7772 8639
1589 4478
4370 6060
2976 9131
2976 4766
1476 9909
4874 5970
1468 3662
1468 8522
7139 9574
2312 8720
6017 9789
5964 7692
1184 2058
7134 8050
6439 8286
1845 2356
1845 5925
61 291
4189 7844
1227 7780
751 2585
5263 5268
4459 8551
5828 8855
8985 9270
4317 7659
983 6960
8272 9626
3172 9004
4528 7890
3316 4043
1514 9716
901 1693
901 943
1915 6812
1915 5959
4846 6282
1383 4080
3853 8577
5016 7036
5016 6458
1788 2993
5401 8086
5401 9655
4041 7681
447 1666
7457 7839
13 576
13 9532
6312 8575
2873 7072
7815 7816
8349 8945
279 7480
7152 8519
4404 9365
4404 7414
3656 5650
1441 2475
8881 9573
3493 8790
9203 9508
6111 8094
5236 8175
4454 7965
8324 8829
2019 6436
1191 3833
5104 6348
9705 9852
1343 9579
409 6544
7083 8917
3072 5939
6698 9464
4841 6704
2310 9880
2310 7758
5904 8346
5493 6711
2303 3777
6133 6864
7579 8592
1314 7114
3464 6279
5300 9450
5300 7540
1619 2023
1109 5483
4790 5319
1866 2673
6448 9248
9569 9605
801 851
2063 5310
1323 3192
3227 9574
3227 8815
3227 9288
2499 7294
7436 8665
6197 7764
2445 7397
6579 8613
1164 3765
1164 9942
3502 5699
4166 5488
6509 8829
6509 8224
4365 8000
6278 8372
6947 9522
1434 5383
1434 5659
288 5689
288 859
8541 9323
3347 4811
6330 7162
6330 6913
1459 8296
795 7402
3146 9364
1662 5856
9211 9227
7901 9978
7718 8182
7010 8838
1293 5147
4647 7368
487 2194
2843 4677
2423 6209
8145 8813
4865 7132
4201 9558
4201 9656
25 144
1761 4622
8599 9345
6056 7519
4872 9207
6666 7225
3086 6289
2616 5927
8427 8920
3508 4324
8034 9156
5547 8107
687 4354
3769 7467
9304 9743
6636 7010
8337 8792
7121 7518
3365 8497
4957 8281
2475 9309
4684 8367
4684 8149
3078 9135
3532 5076
2728 4560
1279 7585
3449 4118
393 554
393 435
393 2948
6390 7727
3873 5724
8922 9119
1937 6140
201 2651
7774 8483
5518 8476
2810 6343
2245 8681
7198 9265
7198 9562
1942 4750
5001 5274
734 8749
8414 9182
6937 8166
4289 9279
7131 8093
6238 7098
6238 9653
2596 9854
9559 9831
7430 7521
6585 6685
4880 6030
7402 9395
7217 9622
7502 8462
1898 6198
3729 3765
1615 7089
6917 9611
4418 7795
5411 8482
1643 2401
1907 9852
9291 9758
597 8874
1959 8603
1959 9659
5259 9993
5981 9781
152 2886
2929 9741
7497 9168
8855 9381
5498 9391
8451 8583
5786 9404
7022 7781
8107 9443
5908 6106
6140 6354
5742 7197
4246 6758
5007 6561
1288 7143
8614 9761
5124 9091
2480 5109
6764 7286
1400 7498
7878 8440
4864 7463
1186 2002
1186 5435
6026 7768
5159 7469
819 7794
3055 3488
2877 6385
927 2210
5289 8479
8390 9984
959 7569
3615 6718
1894 9969
593 1141
281 9817
4619 8519
1886 4542
9499 9876
3864 9720
5985 9683
4432 5242
2587 3671
4389 9844
1217 5893
1803 2981
1409 1918
1715 7275
1879 3637
4982 9425
7554 7639
5694 7475
3087 8680
4737 5661
5741 7450
3538 6740
421 6785
2465 4797
2013 4910
7455 8498
3700 4872
6028 9015
2822 3817
6596 9384
5234 9663
7345 8490
3129 8662
6531 9080
8940 9005
1298 1375
4229 7125
4688 9469
193 6679
3094 5976
6301 9371
6022 8751
2157 9438
1520 3421
8974 9430
5527 7894
2117 3986
4410 9046
3878 7666
614 2757
4406 5304
8161 8552
397 8090
2623 9929
6157 9092
978 7952
978 7162
5521 7131
5297 8141
8162 8713
5170 7501
4564 9534
56 2895
56 3719
3415 4833
5982 7769
4810 8868
3334 9119
6219 8632
5005 5774
2112 6622
2112 3498
4283 9878
7680 9750
4996 8508
3425 3752
2902 8201
2902 3893
7354 8053
1369 2684
7813 8543
4228 4283
523 4885
564 8059
8664 9726
4838 8812
342 3209
9697 9968
1372 1733
4971 6402
339 4141
7837 9846
451 749
6403 8384
8952 9524
9326 9411
4130 8269
5047 7270
7949 8634
8906 9318
5391 8114
2478 8217
2478 6093
4907 8828
7492 8578
5560 7552
5934 6424
3292 9007
2351 6171
2332 4882
5214 6297
2517 3389
7729 8027
6578 9294
5775 7705
1983 4539
422 5681
3046 8450
4903 7927
3255 4354
8676 9560
5837 6278
6304 6447
6258 7801
2632 8485
8326 9214
1465 1872
996 2032
8117 8850
7110 7640
5793 6932
994 4193
994 2149
6683 8314
4101 9195
5442 7504
2011 5032
3106 4528
1951 2680
525 4760
8029 8284
1211 6328
4679 5663
7125 7499
5573 9751
3570 7038
1053 2475
5032 7623
304 5895
3155 7769
5610 9295
2970 8249
2815 4728
3612 4752
3360 7482
1277 9256
5666 7318
2477 8689
4427 8933
3073 6812
3387 3771
6865 6891
3940 6558
3028 3670
8790 9270
800 2515
7699 8467
1974 4546
2067 8204
7095 8690
5885 9275
7676 8407
9533 9780
923 2140
5746 7939
4916 7792
1848 6859
1613 8682
7356 7865
6408 8777
5223 8211
4770 7147
2052 8521
9500 9909
7168 8808
5575 6936
5598 9479
5118 9670
8888 9115
6425 9594
4316 9211
6798 8511
6431 8561
3520 5494
3500 6157
3500 6386
7092 8492
1135 2494
1875 8111
3650 5644
9140 9857
789 7173
3128 3869
6332 7146
8241 8436
5374 9668
9323 9890
3467 3693
5318 8879
2082 8398
1592 9370
5278 5621
1300 3757
1213 7013
3488 9441
3007 8615
8069 8485
8069 8465
3714 9200
2735 7073
5948 8017
3357 8148
7990 8648
5229 8813
6098 7914
4306 6222
7972 9617
1328 6717
1664 6630
4919 5264
2349 4110
6538 6888
998 5509
2775 7959
5111 5408
4337 5193
1058 4049
2738 7850
5847 5929
4171 6623
8575 9297
948 3735
4816 4847
7105 7944
6247 7942
6083 9736
3424 4254
6036 8596
8518 9497
371 2368
4477 9875
2329 6208
5727 6368
3448 9077
5705 7892
2429 3317
4179 7555
3642 6917
3393 6898
3097 6506
3798 7890
6670 7642
3330 6278
154 4095
7542 7802
4635 7206
1047 9847
1628 2099
4451 7989
1820 5593
4482 9033
6971 7008
8531 9792
5942 6921
4748 7202
4681 6379
2319 5942
6735 9737
8704 9548
3826 7321
4663 8588
3308 3318
1798 1865
2268 9484
9674 9925
3687 6056
2602 5070
6044 8754
3075 9555
5019 7318
2752 4783
5002 8569
872 8115
3109 5611
2159 2261
1862 5531
